13899
0
4
6
9
16
13
18
22
20
20
26
29
29
36
36
27
52
39
46
43
46
53
51
66
70
49
61
68
61
79
88
81
74
95
91
83
95
86
93
107
90
90
101
93
93
104
107
105
119
104
112
103
117
106
116
104
108
108
96
96
112
100
97
106
100
94
108
104
90
93
91
93
82
92
95
85
72
87
80
82
82
97
80
75
100
67
67
74
69
87
73
86
69
60
88
79
64
59
70
51
71
76
83
66
79
85
90
80
90
88
106
91
94
112
115
107
124
146
126
167
145
158
161
157
169
177
162
164
173
183
175
163
166
140
156
160
128
136
115
122
111
102
84
73
90
87
62
56
42
51
40
65
49
44
42
32
31
35
18
31
26
22
14
23
17
12
16
12
19
13
6
12
6
5
9
6
5
4
1
0
