55340
0.009035056017347307
0.025298156848572464
0.04336826888326708
0.05963136971449223
0.09215757137694254
0.07408745934224792
0.11203469461510661
0.1264907842428623
0.13371882905674015
0.187929165160824
0.15720997470184314
0.1969642211781713
0.21322732200939642
0.24575352367184675
0.2692446693169498
0.21142031080592702
0.34694615106613663
0.3324900614383809
0.352367184676545
0.29454282616552224
0.4029634983736899
0.3668232743043007
0.4427177448500181
0.4354897000361402
0.4625948680881822
0.41561257679797614
0.4553668232743043
0.46620889049512104
0.5113841705818576
0.5186122153957354
0.6035417419588001
0.6035417419588001
0.5800505963136972
0.6505240332490061
0.6288398988073726
0.630646910010842
0.6776292013010481
0.6776292013010481
0.7137694253704373
0.7246114925912541
0.6487170220455367
0.6902782797253343
0.6541380556559451
0.7372605710155403
0.6758221900975786
0.7354535598120708
0.7462956270328877
0.7354535598120708
0.7571376942537044
0.7499096494398265
0.8113480303577882
0.7625587278641127
0.8438742320202385
0.7860498735092157
0.728225514998193
0.7788218286953379
0.8312251535959523
0.7228044813877845
0.7083483917600288
0.7264185037947235
0.7734007950849295
0.7372605710155403
0.7101554029634984
0.7426816046259487
0.70473436935309
0.6740151788941091
0.6432959884351283
0.6938923021322733
0.6776292013010481
0.6866642573183953
0.6559450668594144
0.6613661004698229
0.657752078062884
0.7264185037947235
0.6956993133357426
0.6848572461149259
0.590892663534514
0.6125767979761475
0.6125767979761475
0.5981207083483917
0.6143838091796169
0.6089627755692085
0.590892663534514
0.5601734730755331
0.5818576075171666
0.5095771593783881
0.5258402602096133
0.5330683050234912
0.5547524394651246
0.5619804842790025
0.5330683050234912
0.5258402602096133
0.4897000361402241
0.5222262378026744
0.5818576075171666
0.5439103722443079
0.49512106975063247
0.5023491145645104
0.516805204192266
0.4824719913263462
0.5095771593783881
0.5439103722443079
0.5457173834477773
0.49512106975063247
0.5276472714130828
0.5728225514998193
0.6053487531622697
0.607155764365739
0.5854716299241055
0.6704011564871702
0.6704011564871702
0.6451029996385977
0.7119624141669678
0.7336465486086013
0.822190097578605
0.8203830863751356
0.8872425009035055
0.9992771955186122
0.9974701843151428
1.0950487893024936
1.0769786772677992
1.0444524756053488
1.143838091796169
1.1799783158655583
1.2034694615106614
1.2540657752078064
1.221539573545356
1.24141669678352
1.2667148536320925
1.2070834839176001
1.2468377303939284
1.2106975063245393
1.237802674376581
1.0787856884712685
1.0950487893024936
1.123960968558005
1.0209613299602456
0.9721720274665703
0.9215757137694254
0.8113480303577882
0.8167690639681966
0.7264185037947235
0.6740151788941091
0.5457173834477773
0.5818576075171666
0.5565594506685941
0.49512106975063247
0.43368268883267075
0.38127936393205636
0.4282616552222624
0.35056017347307555
0.3559812070834839
0.3180339718106252
0.26201662450307195
0.24213950126490785
0.24575352367184675
0.2150343332128659
0.20419226599204915
0.16263100831225152
0.20238525478857972
0.16805204192265993
0.14275388507408746
0.10842067220816769
0.14998192988796533
0.10842067220816769
0.08673653776653416
0.11745572822551499
0.070473436935309
0.093964582580412
0.09215757137694254
0.07408745934224792
0.08131550415612576
0.06143838091796169
0.046982291290206
0.03975424647632815
0.027105168052041922
0.030719190458980843
0.019877123238164075
0.014456089627755693
0.005421033610408385
