13842
1
2
6
12
10
10
11
16
17
22
25
27
28
32
37
27
47
40
47
37
62
56
63
48
64
70
53
74
66
72
68
83
105
115
81
89
87
97
111
104
85
98
87
116
94
118
99
83
103
101
109
118
108
116
92
99
122
102
104
99
104
94
112
87
96
102
93
85
105
104
75
82
95
96
99
94
87
88
72
83
98
87
84
96
79
68
91
64
66
75
78
61
59
81
85
70
71
75
70
74
72
74
90
71
67
79
84
95
75
90
90
75
105
98
108
126
136
140
128
150
152
134
166
165
144
174
161
181
160
148
171
151
178
144
158
161
144
130
131
110
117
100
104
79
89
70
70
48
53
75
53
46
46
35
29
36
33
18
26
26
23
16
11
19
20
14
18
12
11
12
8
11
8
12
3
5
4
2
2
2
