13782
1
5
9
9
13
8
12
18
24
37
15
25
28
35
34
37
37
50
53
44
57
49
70
68
54
58
67
76
65
66
87
105
73
62
86
81
86
89
91
92
107
104
100
111
87
86
100
104
103
108
115
95
107
108
102
108
123
94
102
91
109
114
80
106
108
99
84
95
87
89
105
104
81
111
83
113
80
81
87
80
73
67
79
70
65
55
64
78
97
80
77
64
68
60
84
70
62
77
74
66
75
75
64
67
60
81
88
86
77
100
91
94
87
102
120
119
112
134
147
144
153
146
159
178
164
166
165
168
183
163
167
181
156
157
153
155
159
146
137
106
111
104
97
79
77
71
72
69
61
61
58
45
34
34
32
35
31
28
19
26
22
21
13
19
15
16
15
6
5
11
14
11
6
5
4
2
4
3
3
1
