0.05 0.0
0.15000000000000002 0.0
0.25 0.0
0.35000000000000003 0.0
0.45 0.0
0.55 0.0
0.65 0.0
0.75 0.0
0.8500000000000001 0.0
0.9500000000000001 0.0
1.05 0.0
1.1500000000000001 0.0
1.25 0.0
1.35 0.0
1.4500000000000002 0.0
1.55 0.0
1.6500000000000001 0.0
1.75 0.0
1.85 0.0
1.9500000000000002 0.0
2.0500000000000003 0.0
2.15 0.0
2.25 0.0
2.35 0.0
2.45 0.0
2.5500000000000003 0.21716460436485438
2.6500000000000004 1.3539788784907114
2.75 2.6017576586222604
2.85 2.700570027246303
2.95 1.9796994814297724
3.0500000000000003 1.6698565296575207
3.1500000000000004 1.129076005616031
3.25 1.105234663855328
3.35 1.0654072700863382
3.45 0.775159862323372
3.5500000000000003 0.9935735349449971
3.6500000000000004 1.0034812162863478
3.75 0.9774586220259349
3.85 0.9591021604151181
3.95 0.8749523713137571
4.05 0.8896790920944764
4.15 0.9402536690010046
4.25 0.8287680968864747
4.3500000000000005 1.0050496730596892
4.45 0.9936691007261251
4.55 1.045975129250696
4.65 0.9884097270160176
4.75 0.9973060147208701
4.8500000000000005 1.0726788753959913
4.95 1.010565289434213
5.050000000000001 0.9192554144193952
5.15 0.9478005463694595
5.25 0.9427816946827052
5.3500000000000005 1.0789154997243313
5.45 1.0333470591086735
5.550000000000001 1.0239550405353197
5.65 0.9585370959078698
5.75 0.9738975363485176
5.8500000000000005 0.951891805578244
5.95 0.9387811224297039
6.050000000000001 1.016038712507988
6.15 0.9309912489369919
6.25 1.0171311340266838
6.3500000000000005 1.0367172882721825
6.45 0.8984546794700469
6.550000000000001 0.972179563361112
6.65 1.0517421305958163
6.75 1.0187443829400082
6.8500000000000005 1.0855309390053016
6.95 1.0545179096251214
7.050000000000001 1.123318663481938
7.15 1.0571254445610263
7.25 0.9386035343297836
7.3500000000000005 0.9777217592726644
7.45 0.9703105633785966
7.550000000000001 1.0323181468818365
7.65 0.9894181162925935
7.75 1.015779331960924
7.8500000000000005 0.9732581351392299
7.95 1.0055359126740357
8.05 0.9865207522783436
8.15 1.0290814536461192
8.25 0.9517196155988427
8.35 1.024937612547738
8.450000000000001 1.0153272340201664
8.55 1.013611079087924
8.65 0.98653570396285
8.75 1.0489674084717187
8.85 1.015779265247697
8.950000000000001 0.9403146338553386
9.05 0.957584749543465
9.15 1.0109902739476107
9.25 0.9925505605736605
9.35 1.020974211496569
9.450000000000001 0.9720688986420714
9.55 1.0003382202873679
9.65 1.0161114503619093
9.75 0.986461401272526
9.850000000000001 1.0296105629708692
9.950000000000001 0.9728807568936958
