13817
3
3
3
3
12
10
21
14
13
25
21
28
33
33
42
26
56
55
49
39
58
45
61
59
68
53
71
40
91
70
91
65
69
88
90
96
107
103
100
98
77
90
74
88
100
99
107
115
94
102
113
106
135
105
93
120
107
96
90
116
103
100
104
112
86
78
71
100
93
94
92
87
106
103
108
87
88
83
100
86
87
86
84
69
78
92
69
79
75
69
67
80
75
88
65
82
77
67
72
76
64
76
65
70
86
72
73
75
82
93
84
97
108
94
112
102
119
133
151
145
146
140
147
153
189
177
188
174
185
174
177
175
185
156
139
146
134
126
127
111
113
96
88
71
66
80
70
67
55
50
43
41
47
32
31
33
24
32
27
29
22
20
22
22
8
6
16
9
17
15
13
11
14
4
6
2
4
2
2
0
