0.05 0.0
0.15000000000000002 0.0
0.25 0.0
0.35000000000000003 0.0
0.45 0.0
0.55 0.0
0.65 0.0
0.75 0.0
0.8500000000000001 0.0
0.9500000000000001 0.0
1.05 0.0
1.1500000000000001 0.0
1.25 0.0
1.35 0.0
1.4500000000000002 0.0
1.55 0.0
1.6500000000000001 0.0
1.75 0.0
1.85 0.0
1.9500000000000002 0.0
2.0500000000000003 0.0
2.15 0.0
2.25 0.0
2.35 0.0
2.45 0.0
2.5500000000000003 0.0434328450675894
2.6500000000000004 0.5362283229037615
2.75 1.2822036895647553
2.85 1.6806093154692516
2.95 1.4820675168620918
3.0500000000000003 1.0120324940507215
3.1500000000000004 0.6926252483553109
3.25 0.7219665445331038
3.35 0.7382336703261344
3.45 0.7276998251537155
3.5500000000000003 0.7694578607835044
3.6500000000000004 0.6572083819196582
3.75 0.6895757695241597
3.85 0.7431440855290778
3.95 0.862882556714517
4.05 0.826539133283806
4.15 0.9129191201462334
4.25 0.9278016589396756
4.3500000000000005 1.0249498578905865
4.45 0.9508778626142276
4.55 0.9823053634413809
4.65 0.9143862572654049
4.75 1.059896592535785
4.8500000000000005 1.0566668986770986
4.95 0.9875088444567536
5.050000000000001 0.9930894573923756
5.15 1.0436437239201901
5.25 0.9837704861264023
5.3500000000000005 0.9473387853475275
5.45 1.0079870897820546
5.550000000000001 0.9811611771209562
5.65 1.0204715579512007
5.75 0.9539622960480028
5.8500000000000005 0.8693563166679633
5.95 0.7978295897454749
6.050000000000001 0.8848524229742953
6.15 0.8737362514359235
6.25 0.8484112187006042
6.3500000000000005 0.8942838477415893
6.45 0.8894006870618991
6.550000000000001 0.8624512450640638
6.65 0.9027082693447791
6.75 0.9257539289788662
6.8500000000000005 0.9029354343276289
6.95 0.964852965284179
7.050000000000001 0.9528301881298828
7.15 0.8711140462891056
7.25 0.9995035458936675
7.3500000000000005 0.9829485022922793
7.45 1.0161101626607663
7.550000000000001 1.0290129328272823
7.65 0.9475874038488844
7.75 1.0675069718074688
7.8500000000000005 0.942698934539169
7.95 0.944457268091233
8.05 0.9952364298459241
8.15 1.0234097971729796
8.25 0.9461847105992284
8.35 0.9803733965626897
8.450000000000001 0.9652184910767715
8.55 0.9904263778663482
8.65 1.0079256628535422
8.75 0.950586625478806
8.85 0.9833206967496148
8.950000000000001 0.9391376014421183
9.05 0.932292768839812
9.15 0.9974936683618126
9.25 1.0156569495097605
9.35 1.0005099019491281
9.450000000000001 1.0205651318677558
9.55 0.9951747794391004
9.65 0.9605016846299832
9.75 1.1023389792653184
9.850000000000001 0.9704135400060339
9.950000000000001 0.9538589404290256
