8749
0
3
5
8
4
10
11
7
11
14
17
14
10
15
13
15
17
20
22
20
27
29
32
21
34
41
40
37
42
47
39
52
56
48
44
46
50
54
52
57
56
63
58
56
43
53
43
60
57
47
57
54
47
62
54
55
46
56
62
59
57
59
66
53
53
39
62
50
56
51
49
54
60
56
57
50
63
40
48
43
48
39
41
32
31
49
57
54
57
53
46
37
43
50
43
40
41
58
36
37
55
52
58
50
47
48
58
71
64
71
80
76
62
67
88
95
91
81
88
117
84
110
102
145
141
110
119
133
113
129
122
132
146
90
132
99
101
104
97
92
55
69
71
56
55
61
38
34
34
32
32
45
26
25
33
25
25
28
15
17
10
20
20
9
14
10
3
8
2
1
5
3
4
3
3
0
5
1
1
1
