8702
2
3
9
3
1
7
8
13
9
11
8
14
19
24
16
18
28
18
26
26
37
28
31
36
30
33
40
34
36
38
41
42
36
32
39
48
44
52
59
46
54
54
57
65
51
52
53
48
53
65
57
50
54
65
52
52
46
68
57
57
54
52
57
64
55
53
53
56
62
57
59
48
48
63
48
51
57
47
53
51
38
54
60
44
46
45
49
41
39
46
52
40
58
46
48
43
35
58
55
50
39
46
55
55
52
49
60
57
57
52
74
88
77
75
86
88
89
88
103
98
99
87
109
120
104
148
138
104
145
120
117
118
119
100
122
110
84
81
78
84
82
69
56
79
58
45
47
47
41
32
30
27
35
38
23
26
20
14
15
17
20
11
8
9
10
12
6
7
9
9
10
4
5
4
5
2
3
2
0
0
