0.05 0.0
0.15000000000000002 0.0
0.25 0.0
0.35000000000000003 0.0
0.45 0.0
0.55 0.0
0.65 0.0
0.75 0.0
0.8500000000000001 0.0
0.9500000000000001 0.0
1.05 0.0
1.1500000000000001 0.0
1.25 0.0
1.35 0.0
1.4500000000000002 0.0
1.55 0.0
1.6500000000000001 0.0
1.75 0.0
1.85 0.0
1.9500000000000002 0.0
2.0500000000000003 0.0
2.15 0.0
2.25 0.0
2.35 0.0
2.45 0.0
2.5500000000000003 0.039813441311956944
2.6500000000000004 0.5563368850126525
2.75 1.3039887037078457
2.85 1.576295633819436
2.95 1.395523428286203
3.0500000000000003 1.0246829002263553
3.1500000000000004 0.8420615176922445
3.25 0.7754455478318523
3.35 0.6941913206759958
3.45 0.6743088053734156
3.5500000000000003 0.7489140829470515
3.6500000000000004 0.6501416251248231
3.75 0.7431350525939973
3.85 0.732028682540395
3.95 0.8387459817015236
4.05 0.807884604233998
4.15 0.8924194393046263
4.25 0.9851377165145992
4.3500000000000005 0.9279279053232738
4.45 0.9437462786446208
4.55 0.9777576534254485
4.65 0.9992935525829068
4.75 1.0546805659977152
4.8500000000000005 0.9425949039335481
4.95 0.9932725147551393
5.050000000000001 0.9801682190991663
5.15 0.9673228393477954
5.25 0.9820625512546552
5.3500000000000005 0.940760043782614
5.45 1.0159115165885175
5.550000000000001 0.916208918510924
5.65 0.9777061313896621
5.75 0.9575218568541519
5.8500000000000005 0.8796730451094343
5.95 0.8649802468823857
6.050000000000001 0.8887107910977298
6.15 0.8756032092381371
6.25 0.8839625410751325
6.3500000000000005 0.8925326391624608
6.45 0.9284392668375167
6.550000000000001 0.9025014619150031
6.65 0.9096276133904644
6.75 0.9066395900434767
6.8500000000000005 0.9235022969984248
6.95 0.9487720825294426
7.050000000000001 0.971299560563812
7.15 0.9222206314572298
7.25 0.9672614960261299
7.3500000000000005 0.9650846332346625
7.45 0.994481774390441
7.550000000000001 0.967486878657433
7.65 0.961262264515634
7.75 1.0106829957017116
7.8500000000000005 0.9598875293747697
7.95 0.9813268538723972
8.05 0.9810706558444674
8.15 0.9865557047540082
8.25 1.0080878769724966
8.35 0.984762120445374
8.450000000000001 0.9569772129767307
8.55 0.9846306448359209
8.65 0.9830735631764418
8.75 0.9868638640966907
8.85 0.9679938765985665
8.950000000000001 0.9661715999817537
9.05 1.0098880362833227
9.15 0.983436542257503
9.25 0.983745734411404
9.35 0.9956635138341969
9.450000000000001 0.983137381680457
9.55 0.9995622201160882
9.65 0.9860308083530431
9.75 1.0151818991437118
9.850000000000001 0.9951590852761876
9.950000000000001 1.018765094650642
