8706
0
1
6
5
6
5
6
16
11
9
16
13
8
19
22
24
23
19
27
24
29
23
35
28
35
43
26
39
38
35
36
33
42
43
40
47
43
53
50
57
41
47
48
47
61
55
50
53
74
50
53
61
53
51
69
60
56
65
53
54
62
53
61
71
52
58
46
57
51
42
63
51
63
51
41
39
47
50
37
37
48
50
53
46
55
33
51
35
44
41
52
57
51
39
41
45
49
40
53
44
57
47
48
55
48
52
70
60
86
73
79
71
81
76
87
87
97
80
104
101
96
124
128
107
120
140
118
111
144
127
129
125
104
117
105
102
94
90
69
79
67
71
62
59
51
48
49
44
48
46
32
34
22
30
21
18
18
17
17
23
12
12
14
16
15
14
10
14
2
6
7
5
6
5
3
0
3
1
0
1
