1 73689 0 663 5
1 31434 0 1464 5
1 18048 0 2504 5
1 44043 0 4598 6
5 89052 0 4232 5
11 91548 0 41 8
11 91548 0 59 6
11 91548 0 80 6
11 91548 0 116 5
11 91548 0 122 10
11 91548 0 153 7
11 46803 0 160 8
11 46803 0 169 9
11 91548 0 170 16
11 46803 0 180 6
11 91548 0 187 21
11 46266 0 239 8
11 91548 0 246 6
11 91548 0 255 11
11 91548 0 295 8
11 91548 0 304 13
11 91548 0 318 15
11 91548 0 334 29
11 91548 0 373 11
11 48312 0 380 22
11 91548 0 396 7
11 91548 0 413 10
11 48312 0 418 6
11 48312 0 429 19
11 48312 0 453 8
11 48312 0 462 39
11 91548 0 484 7
11 91548 0 507 13
11 91548 0 521 7
11 91548 0 532 8
11 91548 0 545 12
11 31485 0 572 12
11 91548 0 585 6
11 91548 0 600 30
11 91548 0 631 14
11 91548 0 659 11
11 91548 0 680 7
11 91548 0 688 16
11 91548 0 706 8
11 38517 0 731 18
11 38517 0 759 6
11 38517 0 769 10
11 38517 0 784 8
11 38517 0 793 20
11 71463 0 822 5
11 38517 0 848 14
11 38517 0 863 5
11 71463 0 863 13
11 71463 0 879 5
11 71463 0 885 20
11 71463 0 926 6
11 22383 0 947 9
11 31485 0 971 6
11 71463 0 990 14
11 31485 0 996 5
11 31485 0 1013 7
11 71463 0 1027 9
11 71463 0 1037 13
11 71463 0 1056 13
11 71463 0 1071 5
11 71463 0 1078 15
11 33864 0 1080 8
11 71463 0 1097 6
11 71463 0 1104 7
11 71463 0 1129 20
11 71463 0 1150 6
11 71463 0 1166 11
11 71463 0 1178 19
11 71463 0 1198 43
11 63549 0 1240 5
11 71463 0 1242 9
11 63549 0 1266 5
11 63549 0 1283 8
11 63549 0 1292 5
11 16557 0 1301 7
11 63549 0 1302 6
11 16557 0 1316 6
11 63549 0 1319 5
11 16557 0 1329 5
11 16557 0 1340 11
11 16557 0 1367 30
11 75342 0 1383 15
11 35562 0 1420 5
11 16557 0 1433 6
11 35562 0 1436 12
11 35562 0 1456 5
11 16557 0 1468 32
11 75342 0 1508 10
11 16557 0 1514 12
11 75342 0 1538 18
11 16557 0 1545 12
11 75342 0 1557 8
11 16557 0 1568 7
11 75342 0 1575 5
11 16557 0 1576 5
11 16557 0 1585 5
11 75342 0 1590 6
11 75342 0 1639 9
11 52449 0 1658 5
11 52449 0 1670 5
11 10524 0 1685 10
11 10524 0 1699 7
11 10524 0 1710 7
11 10524 0 1724 15
11 52449 0 1740 11
11 52449 0 1752 7
11 16557 0 1815 19
11 16557 0 1839 15
11 16557 0 1864 10
11 36198 0 1876 5
11 16557 0 1879 5
11 36198 0 1889 7
11 16557 0 1895 13
11 36198 0 1907 14
11 16557 0 1915 6
11 16557 0 1929 11
11 16557 0 1950 10
11 16557 0 1965 8
11 10524 0 1993 8
11 52449 0 1999 6
11 52449 0 2016 9
11 48849 0 2038 14
11 48849 0 2059 26
11 45216 0 2091 6
11 45216 0 2103 7
11 48849 0 2103 16
11 45216 0 2120 10
11 48849 0 2129 14
11 45216 0 2133 11
11 48849 0 2144 6
11 48849 0 2161 12
11 48849 0 2174 6
11 48849 0 2190 6
11 48849 0 2219 10
11 48849 0 2254 5
11 48849 0 2273 8
11 31434 0 2279 5
11 48849 0 2282 9
11 31434 0 2285 7
11 48849 0 2292 22
11 48849 0 2318 10
11 31485 0 2379 12
11 31485 0 2392 21
11 31485 0 2422 10
11 31485 0 2440 8
11 31485 0 2477 14
11 43074 0 2488 7
11 31485 0 2496 5
11 31485 0 2515 11
11 39312 0 2527 8
11 39312 0 2543 20
11 31485 0 2548 6
11 31485 0 2556 9
11 31485 0 2587 15
11 39312 0 2592 7
11 39312 0 2605 10
11 31485 0 2607 7
11 31485 0 2649 12
11 31485 0 2662 20
11 31485 0 2711 12
11 30738 0 2713 5
11 31485 0 2726 7
11 31485 0 2738 9
11 31485 0 2755 12
11 31485 0 2775 12
11 31485 0 2788 5
11 31485 0 2794 6
11 43074 0 2800 8
11 31485 0 2833 5
11 31485 0 2839 25
11 31485 0 2871 7
11 39312 0 2885 7
11 39312 0 2893 11
11 43074 0 2897 8
11 39312 0 2906 13
11 39312 0 2920 5
11 39312 0 2950 13
11 43074 0 2959 11
11 43074 0 2974 6
11 43074 0 2997 8
11 43074 0 3026 22
11 43074 0 3058 10
11 43074 0 3088 6
11 43074 0 3114 9
11 43074 0 3133 9
11 31434 0 3142 5
11 31434 0 3157 8
11 43074 0 3159 8
11 31434 0 3175 5
11 43074 0 3179 12
11 31434 0 3199 21
11 7236 0 3220 5
11 31434 0 3229 9
11 31434 0 3239 12
11 31434 0 3253 6
11 31434 0 3291 11
11 31434 0 3303 12
11 31434 0 3321 9
11 31434 0 3331 10
11 31434 0 3342 6
11 31434 0 3351 5
11 31434 0 3358 8
11 30789 0 3375 5
11 30789 0 3403 7
11 30789 0 3424 8
11 43074 0 3430 5
11 30789 0 3441 9
11 43074 0 3448 21
11 30789 0 3451 12
11 30789 0 3473 5
11 43074 0 3480 7
11 43074 0 3495 15
11 30789 0 3497 8
11 30789 0 3506 10
11 43074 0 3511 13
11 43074 0 3525 6
11 43074 0 3532 11
11 30789 0 3536 7
11 43074 0 3544 17
11 30789 0 3569 12
11 30789 0 3582 13
11 43074 0 3593 10
11 43074 0 3604 12
11 43074 0 3617 5
11 30789 0 3618 12
11 30789 0 3637 5
11 43074 0 3639 5
11 30789 0 3647 5
11 30789 0 3662 7
11 30789 0 3670 8
11 30789 0 3688 6
11 43074 0 3697 5
11 31434 0 3724 7
11 31434 0 3733 10
11 43074 0 3740 5
11 31434 0 3747 5
11 43074 0 3747 5
11 37146 0 3759 5
11 31434 0 3769 21
11 37146 0 3773 14
11 31434 0 3791 5
11 37146 0 3794 6
11 31434 0 3802 17
11 37125 0 3819 8
11 31434 0 3820 7
11 37125 0 3834 5
11 37125 0 3843 15
11 42948 0 3855 7
11 42948 0 3863 6
11 37125 0 3868 5
11 37125 0 3889 6
11 37125 0 3896 9
11 42948 0 3901 6
11 42948 0 3912 5
11 42948 0 3931 7
11 31434 0 3939 6
11 4923 0 3959 9
11 31434 0 3985 5
11 4923 0 3988 10
11 31434 0 3995 11
11 4923 0 4007 5
11 31434 0 4015 6
11 4923 0 4022 9
11 31434 0 4046 5
11 4923 0 4051 8
11 31434 0 4052 11
11 31434 0 4083 11
11 48729 0 4111 6
11 48729 0 4145 13
11 42948 0 4188 8
11 48729 0 4190 14
11 48729 0 4213 15
11 48729 0 4233 8
11 48729 0 4247 14
11 48729 0 4262 14
11 49098 0 4286 21
11 49098 0 4318 17
11 49098 0 4359 27
11 49098 0 4387 18
11 48729 0 4404 11
11 42126 0 4413 19
11 48729 0 4421 9
11 48729 0 4431 5
11 48729 0 4443 18
11 48729 0 4469 13
11 48729 0 4484 10
11 42126 0 4502 5
11 48729 0 4513 8
11 42126 0 4554 11
11 42738 0 4557 6
11 42126 0 4566 7
11 42738 0 4572 5
11 42126 0 4584 12
11 42738 0 4585 8
11 42738 0 4594 6
11 42126 0 4606 8
11 42738 0 4614 5
11 42738 0 4639 15
11 42738 0 4691 6
11 42738 0 4698 6
11 72504 0 4703 5
11 72504 0 4709 16
11 42738 0 4714 5
11 42738 0 4720 7
11 72504 0 4726 37
11 36600 0 4762 7
11 36600 0 4784 14
11 22515 0 4790 11
11 36600 0 4803 5
11 22515 0 4806 5
11 36600 0 4813 7
11 36600 0 4822 8
11 36600 0 4831 26
11 72504 0 4847 11
11 72504 0 4860 7
11 72504 0 4868 7
11 36600 0 4881 5
11 36600 0 4896 7
12 88200 0 151 24
12 57522 0 211 5
12 57522 0 220 8
12 57522 0 230 5
12 57522 0 259 11
12 48312 0 297 14
12 48312 0 320 13
12 15312 0 471 7
12 15312 0 505 9
12 22383 0 830 12
12 84978 0 981 5
12 84393 0 1096 7
12 88836 0 1203 5
12 31485 0 1344 5
12 28974 0 1503 9
12 28974 0 1595 5
12 30123 0 2110 7
12 38517 0 2212 8
12 38517 0 2221 5
12 38517 0 2227 8
12 38517 0 2236 5
12 38517 0 2247 9
12 46437 0 2358 13
12 46437 0 2372 6
12 46437 0 2416 9
12 46437 0 2466 10
12 71790 0 2570 20
12 71790 0 2591 7
12 71790 0 2613 7
12 87159 0 2691 5
12 87159 0 2700 8
12 69858 0 3088 10
12 71790 0 3914 10
12 71790 0 3959 5
12 33096 0 4286 6
12 33096 0 4294 10
12 33096 0 4305 6
12 33096 0 4333 8
12 33096 0 4343 5
12 33096 0 4351 6
12 33096 0 4358 5
12 33096 0 4364 6
12 33096 0 4382 9
12 33096 0 4696 5
12 57261 0 4757 9
12 57261 0 4767 8
12 57261 0 4779 5
12 57261 0 4799 5
12 57261 0 4818 8
12 57261 0 4830 9
14 27051 0 926 7
14 84393 0 1080 7
14 45216 0 2008 6
14 72504 0 2776 5
14 38517 0 2944 5
14 38517 0 2953 6
14 38517 0 3027 11
19 57522 0 5 7
19 48312 0 9 17
19 57522 0 21 5
19 48312 0 31 15
19 57522 0 34 6
19 57522 0 46 5
19 48312 0 48 5
19 57522 0 54 5
19 48312 0 59 15
19 57522 0 60 9
19 48312 0 75 12
19 57522 0 76 9
19 48312 0 88 6
19 57522 0 91 6
19 48312 0 99 16
19 48312 0 118 8
19 57522 0 121 5
19 57522 0 127 5
19 57522 0 134 13
19 64839 0 138 19
19 64839 0 163 35
19 57522 0 164 5
19 64839 0 199 7
19 64839 0 209 7
19 48312 0 221 30
19 64839 0 236 7
19 64839 0 244 11
19 48312 0 256 11
19 64839 0 260 19
19 68580 0 285 6
19 48312 0 289 5
19 64839 0 293 11
19 85941 0 296 7
19 85941 0 305 5
19 3051 0 319 7
19 3051 0 338 5
19 3051 0 344 7
19 3051 0 361 16
19 15312 0 378 6
19 78579 0 402 9
19 78579 0 413 9
19 15312 0 417 6
19 78579 0 423 7
19 78579 0 437 8
19 78579 0 459 7
19 78579 0 476 5
19 5403 0 477 7
19 78579 0 483 9
19 5403 0 492 7
19 78579 0 515 5
19 15312 0 522 10
19 5403 0 529 10
19 78579 0 537 30
19 15312 0 565 6
19 78579 0 571 6
19 15312 0 576 6
19 78579 0 581 13
19 15312 0 590 5
19 78579 0 595 25
19 5403 0 629 11
19 78579 0 651 8
19 78579 0 665 10
19 78579 0 677 45
19 5403 0 678 13
19 5403 0 699 27
19 15312 0 717 5
19 78579 0 723 22
19 5403 0 729 12
19 78579 0 746 29
19 5403 0 767 8
19 78579 0 776 13
19 5403 0 783 6
19 78579 0 834 13
19 27051 0 838 5
19 78579 0 848 25
19 27051 0 858 11
19 81519 0 897 19
19 88836 0 906 28
19 81519 0 917 27
19 88836 0 935 10
19 81519 0 945 7
19 27051 0 947 7
19 88836 0 949 9
19 81519 0 953 17
19 27051 0 955 10
19 88836 0 962 6
19 27051 0 966 6
19 27051 0 976 5
19 81519 0 977 6
19 88836 0 1000 6
19 81519 0 1004 12
19 88836 0 1007 8
19 27051 0 1022 11
19 88836 0 1026 5
19 27051 0 1036 9
19 88836 0 1041 5
19 27051 0 1048 5
19 88836 0 1057 5
19 88836 0 1072 8
19 88836 0 1082 8
19 84393 0 1086 5
19 88836 0 1095 13
19 88836 0 1109 5
19 84393 0 1117 5
19 52449 0 1124 6
19 88836 0 1125 7
19 84393 0 1128 8
19 88836 0 1147 11
19 88836 0 1160 8
19 84393 0 1169 13
19 88836 0 1169 9
19 52449 0 1189 10
19 84393 0 1223 7
19 85941 0 1223 8
19 52449 0 1231 7
19 84393 0 1250 14
19 85941 0 1255 6
19 58761 0 1262 6
19 85941 0 1262 5
19 85941 0 1268 5
19 88836 0 1283 14
19 37125 0 1287 14
19 84393 0 1287 12
19 88836 0 1302 9
19 37125 0 1304 13
19 84393 0 1309 5
19 88836 0 1317 7
19 88836 0 1325 7
19 28974 0 1336 7
19 37125 0 1343 7
19 37125 0 1354 8
19 88836 0 1359 12
19 88836 0 1374 5
19 91476 0 1378 30
19 88836 0 1380 11
19 88836 0 1396 11
19 88836 0 1409 22
19 91476 0 1412 5
19 91476 0 1418 19
19 88836 0 1433 35
19 28974 0 1450 7
19 9735 0 1456 14
19 88836 0 1469 8
19 9735 0 1472 18
19 88836 0 1487 5
19 88836 0 1493 7
19 9735 0 1512 15
19 88836 0 1514 11
19 88836 0 1527 17
19 9735 0 1541 18
19 88836 0 1548 18
19 88836 0 1567 9
19 88836 0 1577 5
19 88836 0 1583 5
19 30738 0 1584 15
19 88836 0 1595 5
19 30738 0 1600 6
19 30738 0 1607 10
19 91476 0 1639 14
19 9735 0 1659 9
19 91476 0 1662 11
19 9735 0 1683 9
19 9735 0 1699 9
19 28974 0 1699 12
19 9735 0 1709 19
19 9735 0 1730 36
19 21771 0 1731 6
19 28974 0 1746 9
19 9735 0 1767 12
19 28974 0 1769 7
19 9735 0 1782 12
19 9735 0 1795 51
19 28974 0 1808 6
19 45216 0 1813 15
19 21771 0 1835 8
19 45216 0 1843 5
19 45216 0 1849 13
19 9735 0 1853 12
19 45216 0 1863 5
19 45216 0 1869 6
19 45216 0 1876 6
19 30738 0 1890 12
19 45216 0 1910 12
19 42180 0 1925 6
19 45216 0 1938 15
19 52449 0 1941 5
19 45216 0 1963 5
19 21771 0 1966 6
19 45216 0 1971 5
19 21771 0 1973 45
19 45216 0 1981 5
19 45216 0 1987 7
19 45216 0 2014 5
19 21771 0 2030 5
19 45216 0 2035 5
19 45216 0 2045 14
19 21771 0 2053 9
19 45216 0 2060 9
19 52449 0 2063 7
19 52449 0 2071 5
19 52449 0 2077 7
19 52449 0 2095 5
19 21771 0 2105 5
19 45069 0 2110 5
19 21771 0 2115 9
19 86064 0 2138 6
19 45069 0 2159 13
19 45069 0 2176 5
19 45069 0 2182 5
19 45069 0 2188 8
19 45069 0 2211 10
19 21771 0 2215 5
19 21771 0 2222 10
19 45069 0 2222 8
19 45069 0 2232 23
19 21771 0 2241 8
19 21771 0 2254 34
19 834 0 2264 11
19 45069 0 2277 7
19 45069 0 2288 12
19 834 0 2291 19
19 21771 0 2291 17
19 21771 0 2309 14
19 834 0 2312 10
19 41949 0 2326 8
19 28974 0 2331 11
19 41949 0 2337 17
19 45069 0 2344 5
19 41949 0 2358 18
19 45069 0 2368 8
19 45069 0 2377 5
19 45069 0 2403 6
19 41949 0 2409 10
19 45069 0 2418 10
19 41949 0 2420 14
19 45069 0 2429 29
19 41949 0 2459 9
19 45069 0 2464 22
19 834 0 2480 19
19 51693 0 2498 7
19 8475 0 2499 6
19 45069 0 2504 5
19 834 0 2506 19
19 51693 0 2508 20
19 834 0 2533 5
19 45069 0 2556 10
19 45069 0 2567 5
19 28974 0 2576 9
19 51693 0 2580 13
19 28974 0 2586 6
19 28974 0 2593 8
19 51693 0 2599 5
19 45069 0 2601 5
19 51693 0 2605 7
19 28974 0 2610 6
19 45069 0 2613 6
19 28974 0 2620 10
19 28974 0 2631 11
19 83244 0 2645 7
19 28974 0 2652 5
19 83244 0 2660 5
19 23718 0 2666 5
19 28974 0 2671 7
19 23718 0 2679 5
19 28974 0 2685 5
19 23718 0 2691 6
19 23718 0 2698 8
19 23718 0 2715 9
19 72891 0 2725 14
19 28974 0 2727 16
19 28974 0 2744 7
19 28974 0 2756 9
19 72891 0 2768 5
19 28974 0 2769 14
19 72891 0 2777 7
19 23718 0 2782 6
19 28974 0 2790 9
19 23718 0 2793 8
19 28974 0 2800 17
19 23718 0 2802 9
19 28974 0 2818 8
19 23718 0 2827 5
19 23718 0 2834 17
19 60849 0 2876 7
19 72891 0 2894 6
19 3336 0 2909 8
19 38517 0 2924 8
19 18048 0 2933 11
19 18048 0 2950 6
19 38517 0 2956 5
19 18048 0 2961 8
19 18048 0 2970 5
19 18048 0 2977 6
19 38517 0 2981 13
19 18048 0 2984 37
19 38517 0 2995 9
19 38517 0 3005 5
19 38517 0 3023 5
19 18048 0 3034 5
19 39312 0 3042 8
19 18048 0 3044 10
19 39312 0 3051 5
19 18048 0 3060 7
19 39312 0 3062 7
19 18048 0 3071 6
19 39312 0 3071 9
19 18048 0 3096 8
19 31485 0 3096 5
19 18048 0 3111 20
19 18048 0 3132 30
19 39312 0 3137 6
19 31485 0 3149 6
19 96135 0 3191 11
19 96135 0 3203 7
19 39312 0 3204 30
19 92379 0 3239 7
19 3336 0 3256 8
19 39312 0 3260 14
19 92379 0 3265 5
19 96135 0 3270 26
19 92379 0 3286 6
19 96135 0 3302 7
19 92379 0 3312 5
19 96135 0 3318 6
19 96135 0 3333 11
19 39312 0 3345 14
19 86064 0 3355 9
19 39312 0 3366 6
19 39312 0 3387 10
19 16557 0 3389 12
19 39312 0 3398 14
19 16557 0 3403 5
19 28974 0 3413 5
19 28974 0 3419 24
19 16557 0 3423 17
19 16557 0 3441 8
19 39312 0 3452 23
19 16557 0 3453 14
19 16557 0 3477 5
19 55374 0 3484 24
19 39312 0 3496 10
19 39312 0 3508 18
19 55374 0 3509 11
19 16557 0 3520 6
19 16557 0 3527 8
19 39312 0 3531 6
19 39312 0 3539 15
19 16557 0 3547 9
19 65364 0 3562 17
19 16557 0 3571 5
19 39312 0 3592 21
19 90111 0 3595 17
19 38517 0 3600 5
19 39312 0 3614 11
19 66837 0 3635 8
19 55374 0 3650 5
19 39312 0 3654 9
19 55374 0 3659 27
19 39312 0 3676 5
19 55374 0 3688 12
19 55374 0 3701 19
19 38517 0 3706 9
19 55374 0 3729 7
19 38517 0 3730 10
19 55374 0 3739 5
19 38517 0 3741 5
19 55374 0 3745 10
19 38517 0 3747 15
19 55374 0 3756 6
19 38517 0 3765 7
19 55374 0 3775 5
19 38517 0 3784 5
19 38517 0 3790 6
19 22515 0 3805 14
19 38517 0 3808 13
19 55374 0 3822 8
19 22515 0 3827 5
19 38517 0 3831 7
19 55374 0 3831 11
19 38517 0 3840 5
19 67641 0 3842 5
19 38517 0 3855 9
19 90111 0 3857 8
19 38517 0 3865 6
19 90111 0 3870 32
19 38517 0 3889 7
19 38517 0 3897 6
19 90111 0 3903 6
19 90111 0 3920 5
19 38517 0 3924 9
19 90111 0 3949 10
19 66837 0 3953 6
19 66837 0 3960 5
19 90111 0 3960 19
19 66837 0 3969 7
19 66837 0 3977 35
19 90111 0 4014 16
19 66837 0 4034 12
19 66837 0 4047 11
19 90111 0 4049 5
19 55374 0 4052 7
19 90111 0 4057 31
19 66837 0 4059 6
19 55374 0 4060 5
19 55374 0 4066 6
19 66837 0 4073 17
19 66837 0 4093 15
19 90111 0 4099 25
19 66837 0 4129 12
19 90111 0 4134 11
19 90111 0 4146 29
19 66837 0 4147 5
19 66837 0 4153 10
19 29067 0 4162 9
19 90111 0 4176 8
19 29067 0 4177 8
19 66837 0 4188 7
19 90111 0 4200 8
19 90111 0 4209 8
19 90111 0 4234 34
19 38517 0 4245 7
19 38517 0 4265 9
19 66837 0 4266 9
19 66837 0 4277 10
19 38517 0 4282 6
19 55374 0 4287 5
19 38517 0 4293 8
19 55374 0 4293 5
19 38517 0 4302 24
19 55374 0 4315 6
19 66837 0 4324 13
19 55374 0 4329 16
19 66837 0 4338 7
19 55374 0 4347 6
19 46749 0 4355 12
19 42948 0 4361 9
19 46749 0 4368 19
19 38517 0 4374 24
19 42948 0 4377 7
19 46749 0 4388 10
19 46749 0 4399 9
19 42948 0 4411 15
19 38517 0 4421 6
19 42948 0 4428 5
19 46749 0 4441 5
19 38517 0 4442 10
19 38517 0 4453 12
19 46749 0 4476 6
19 42948 0 4487 15
19 46749 0 4494 14
19 42948 0 4515 7
19 46749 0 4533 5
19 38517 0 4543 5
19 46749 0 4543 8
19 46749 0 4555 5
19 38517 0 4558 6
19 38517 0 4567 10
19 50556 0 4578 5
19 38517 0 4604 15
19 50556 0 4607 5
19 50556 0 4613 9
19 38517 0 4620 10
19 50556 0 4623 5
19 50556 0 4629 26
19 13815 0 4649 6
19 50556 0 4661 8
19 13815 0 4668 10
19 21465 0 4702 5
19 21465 0 4708 21
19 21465 0 4730 8
19 21465 0 4748 8
19 21465 0 4757 31
19 86598 0 4792 5
19 86598 0 4798 6
19 86598 0 4805 5
19 3336 0 4806 12
19 86598 0 4814 7
19 3336 0 4819 17
19 86598 0 4828 9
19 86598 0 4838 5
19 3336 0 4841 12
19 86598 0 4844 10
19 3336 0 4854 6
19 3336 0 4861 7
19 3336 0 4869 7
19 21465 0 4891 6
1 3336 1 159 7
1 89829 1 707 6
5 6534 1 39 6
11 61575 1 7 5
11 61575 1 13 6
11 61575 1 20 10
11 61575 1 39 7
11 42948 1 44 42
11 61575 1 61 5
11 42948 1 91 10
11 42948 1 102 6
11 42948 1 109 8
11 42948 1 119 7
11 42948 1 134 12
11 77196 1 144 6
11 77196 1 171 8
11 77196 1 180 5
11 77196 1 236 19
11 42948 1 255 7
11 42948 1 272 8
11 42948 1 281 14
11 77196 1 283 7
11 77196 1 291 9
11 77196 1 308 5
11 77196 1 325 6
11 77196 1 341 5
11 42948 1 348 8
11 77196 1 351 26
11 42948 1 357 6
11 42948 1 365 5
11 42948 1 374 6
11 42948 1 394 6
11 42948 1 401 9
11 273 1 402 6
11 42948 1 412 29
11 273 1 438 9
11 42948 1 452 7
11 273 1 473 27
11 42948 1 499 6
11 42948 1 512 5
11 3336 1 546 13
11 42948 1 547 9
11 42948 1 557 6
11 3336 1 565 6
11 42948 1 568 11
11 3336 1 572 7
11 3336 1 580 7
11 42948 1 580 5
11 3336 1 591 5
11 3336 1 597 11
11 42948 1 599 7
11 42948 1 607 12
11 3336 1 611 6
11 42948 1 620 6
11 3336 1 624 5
11 42948 1 632 8
11 3336 1 640 6
11 42948 1 641 8
11 3336 1 647 8
11 42948 1 650 14
11 42948 1 679 5
11 88200 1 691 18
11 42948 1 710 7
11 88200 1 717 5
11 88200 1 726 18
11 42948 1 763 8
11 38208 1 819 10
11 42948 1 822 8
11 42948 1 831 5
11 88200 1 834 7
11 88200 1 845 5
11 88200 1 856 10
11 42948 1 861 5
11 88200 1 868 7
11 807 1 870 5
11 88200 1 876 12
11 807 1 877 6
11 807 1 884 8
11 88200 1 895 16
11 807 1 905 5
11 88200 1 912 16
11 88200 1 929 6
11 88200 1 941 8
11 88200 1 951 13
11 807 1 967 10
11 88200 1 970 6
11 88200 1 977 13
11 88200 1 999 14
11 38208 1 1018 11
11 38208 1 1030 5
11 38208 1 1036 15
11 88200 1 1068 7
11 38208 1 1074 5
11 88200 1 1078 5
11 88200 1 1085 7
11 88200 1 1093 8
11 88200 1 1102 5
11 38208 1 1107 7
11 88200 1 1108 5
11 88200 1 1114 6
11 38208 1 1121 5
11 88200 1 1122 13
11 88200 1 1136 5
11 88200 1 1142 14
11 88200 1 1160 7
11 88200 1 1172 5
11 88200 1 1181 13
11 88200 1 1195 46
11 88614 1 1224 6
11 88614 1 1240 5
11 88200 1 1247 6
11 88614 1 1259 13
11 88614 1 1273 5
11 88200 1 1274 7
11 88200 1 1297 16
11 88200 1 1331 25
11 88200 1 1357 6
11 88200 1 1364 6
11 27507 1 1379 15
11 27507 1 1395 18
11 91548 1 1408 6
11 27507 1 1416 9
11 91548 1 1445 10
11 27507 1 1455 6
11 91548 1 1463 5
11 91548 1 1469 24
11 27507 1 1474 7
11 27507 1 1485 5
11 12684 1 1504 12
11 27507 1 1518 23
11 27507 1 1549 10
11 27507 1 1561 13
11 65382 1 1572 7
11 65382 1 1584 5
11 65382 1 1613 5
11 65382 1 1619 36
11 65382 1 1656 6
11 65382 1 1663 12
11 65382 1 1685 13
11 30657 1 1707 22
11 65382 1 1718 19
11 30657 1 1733 19
11 30657 1 1758 11
11 30657 1 1771 14
11 82485 1 1779 19
11 30657 1 1786 17
11 82485 1 1799 12
11 82485 1 1824 6
11 30657 1 1830 12
11 82485 1 1831 13
11 82485 1 1845 6
11 30657 1 1851 8
11 82485 1 1855 8
11 30657 1 1863 5
11 82485 1 1876 5
11 30657 1 1884 9
11 82485 1 1885 5
11 30657 1 1894 6
11 82485 1 1895 7
11 82485 1 1907 10
11 30657 1 1928 9
11 30657 1 1938 21
11 30657 1 1960 5
11 30657 1 1967 6
11 65382 1 1973 7
11 65382 1 1981 5
11 65382 1 1991 8
11 30657 1 2017 5
11 30657 1 2032 5
11 52287 1 2037 8
11 30657 1 2053 12
11 58791 1 2063 5
11 30657 1 2070 6
11 58791 1 2074 11
11 58791 1 2086 6
11 58791 1 2099 5
11 30657 1 2109 5
11 30657 1 2125 7
11 58791 1 2131 11
11 30657 1 2134 10
11 30657 1 2203 22
11 30657 1 2227 5
11 19875 1 2246 12
11 19875 1 2259 6
11 19875 1 2293 11
11 33624 1 2312 5
11 33624 1 2318 6
11 19875 1 2329 7
11 30657 1 2332 5
11 19875 1 2337 6
11 30657 1 2341 13
11 19875 1 2371 5
11 19875 1 2381 14
11 19875 1 2396 10
11 19875 1 2407 6
11 19875 1 2418 6
11 33624 1 2433 6
11 58761 1 2434 5
11 30657 1 2503 30
11 58761 1 2527 6
11 58761 1 2547 7
11 30657 1 2560 6
11 58761 1 2575 5
11 58761 1 2581 5
11 30657 1 2587 15
11 30657 1 2608 6
11 58761 1 2636 7
11 58761 1 2645 6
11 64839 1 2671 6
11 64839 1 2692 19
11 64839 1 2712 7
11 24435 1 2717 7
11 24435 1 2730 6
11 64839 1 2733 5
11 24435 1 2745 8
11 64839 1 2749 5
11 64839 1 2755 11
11 64839 1 2767 9
11 64839 1 2813 23
11 64839 1 2847 6
11 64839 1 2874 17
11 64839 1 2904 23
11 64839 1 2943 11
11 64839 1 2960 15
11 64839 1 2977 6
11 64839 1 2984 8
11 64839 1 2993 7
11 24435 1 2996 11
11 64839 1 3005 5
11 64839 1 3014 14
11 64839 1 3029 9
11 64839 1 3039 12
11 64839 1 3052 7
11 31434 1 3069 5
11 64839 1 3074 16
11 31434 1 3083 6
11 31434 1 3095 18
11 64839 1 3097 14
11 64839 1 3114 12
11 64839 1 3127 8
11 64839 1 3139 20
11 64839 1 3166 23
11 64839 1 3190 10
11 64839 1 3208 8
11 64839 1 3217 8
11 69669 1 3246 15
11 24435 1 3258 6
11 69669 1 3262 7
11 24435 1 3268 21
11 24435 1 3290 7
11 24435 1 3349 10
11 69669 1 3352 6
11 69669 1 3362 5
11 69669 1 3368 5
11 69669 1 3374 44
11 69669 1 3438 21
11 69669 1 3481 5
11 27462 1 3490 6
11 69669 1 3490 13
11 27462 1 3497 13
11 27462 1 3517 5
11 69669 1 3525 14
11 27462 1 3531 6
11 69669 1 3540 15
11 27462 1 3544 15
11 69669 1 3556 14
11 27462 1 3578 6
11 27462 1 3585 9
11 69669 1 3590 7
11 69669 1 3608 10
11 69669 1 3623 22
11 27462 1 3632 14
11 69669 1 3646 21
11 24435 1 3677 7
11 24435 1 3685 7
11 69669 1 3697 5
11 69669 1 3708 17
11 24435 1 3714 7
11 24435 1 3734 8
11 69669 1 3748 11
11 69669 1 3764 6
11 59781 1 3770 12
11 59781 1 3785 6
11 59781 1 3798 8
11 59781 1 3807 9
11 69669 1 3808 5
11 69669 1 3815 5
11 59781 1 3817 10
11 69669 1 3821 6
11 59781 1 3828 10
11 69669 1 3829 5
11 69669 1 3838 10
11 59781 1 3863 5
11 52344 1 3914 5
11 69669 1 3915 7
11 69669 1 3934 6
11 52344 1 3950 28
11 52344 1 3979 17
11 52344 1 4018 6
11 52344 1 4025 9
11 72708 1 4025 6
11 72708 1 4032 10
11 72708 1 4051 9
11 72708 1 4078 5
11 72708 1 4095 6
11 72708 1 4130 10
11 33588 1 4132 5
11 72708 1 4160 11
11 72708 1 4174 5
11 72708 1 4199 5
11 42948 1 4227 8
11 42948 1 4243 25
11 42948 1 4275 7
11 42948 1 4283 7
11 75342 1 4283 22
11 42948 1 4294 9
11 42948 1 4304 5
11 42948 1 4313 10
11 39789 1 4321 6
11 42948 1 4325 5
11 39789 1 4328 5
11 42948 1 4334 10
11 39789 1 4341 6
11 42948 1 4346 10
11 42948 1 4388 18
11 39789 1 4407 27
11 39789 1 4435 8
11 39789 1 4448 7
11 39789 1 4459 9
11 42288 1 4461 7
11 42288 1 4471 9
11 42288 1 4481 12
11 42288 1 4585 9
11 91353 1 4590 7
11 91353 1 4617 8
11 69669 1 4626 7
11 91353 1 4638 7
11 91353 1 4664 10
11 69669 1 4684 7
11 91353 1 4689 6
11 69669 1 4692 21
11 25611 1 4757 14
11 91353 1 4762 12
11 91353 1 4779 18
11 64527 1 4796 9
11 91353 1 4798 6
11 91353 1 4805 11
11 64527 1 4810 7
11 91353 1 4822 6
11 91353 1 4837 5
11 91353 1 4846 6
11 91353 1 4853 8
11 64527 1 4857 5
11 91353 1 4876 7
11 91353 1 4884 10
12 30123 1 285 8
12 72504 1 407 5
12 72504 1 421 7
12 30123 1 604 5
12 46266 1 947 5
12 6534 1 1012 16
12 6534 1 1043 7
12 6534 1 1078 6
12 6534 1 1099 6
12 6534 1 1111 5
12 6534 1 1119 14
12 26097 1 1575 7
12 26097 1 1607 5
12 26097 1 1639 13
12 46266 1 1943 16
12 46266 1 2060 5
12 46266 1 2141 11
12 46266 1 2157 12
12 46266 1 2170 7
12 46266 1 2181 11
12 46266 1 2206 7
12 46266 1 2351 9
12 46266 1 2366 10
12 74193 1 2486 7
12 74193 1 2609 5
12 74193 1 2619 17
12 74193 1 2671 6
12 74193 1 2686 9
12 74193 1 2697 12
12 74193 1 2729 7
12 33624 1 3085 7
12 33624 1 3107 7
12 33624 1 3152 15
12 33624 1 3178 5
12 33624 1 3184 6
12 33624 1 3191 9
12 33624 1 3341 8
12 33624 1 3354 7
12 33624 1 3381 17
12 16461 1 3477 5
12 33624 1 4218 6
12 33624 1 4231 7
12 4863 1 4650 11
12 4863 1 4667 6
12 4863 1 4674 9
13 30123 1 281 5
13 30123 1 613 5
13 30123 1 1005 6
13 82485 1 3889 5
14 46266 1 2023 5
14 46266 1 2302 11
14 46266 1 2323 8
19 21465 1 1 5
19 31182 1 10 6
19 21465 1 22 7
19 21465 1 30 6
19 21465 1 37 30
19 30123 1 54 6
19 94761 1 59 8
19 21465 1 68 31
19 94761 1 69 5
19 30123 1 77 8
19 94761 1 78 5
19 30123 1 94 7
19 21465 1 105 6
19 21465 1 112 5
19 94761 1 132 6
19 68103 1 139 6
19 68103 1 146 14
19 3336 1 155 6
19 30123 1 158 15
19 68103 1 161 13
19 3336 1 167 6
19 68103 1 175 9
19 3336 1 176 11
19 30123 1 179 5
19 30123 1 185 7
19 68103 1 185 25
19 30123 1 204 11
19 68103 1 211 11
19 30123 1 218 30
19 3336 1 234 7
19 68103 1 237 16
19 68103 1 256 6
19 30123 1 262 13
19 68103 1 263 13
19 68103 1 282 30
19 3336 1 300 8
19 86598 1 331 6
19 86598 1 339 8
19 86598 1 351 8
19 30123 1 355 5
19 30123 1 389 8
19 82485 1 390 17
19 82485 1 433 5
19 82485 1 439 7
19 30123 1 447 6
19 82485 1 455 7
19 30123 1 457 6
19 30123 1 468 14
19 86598 1 470 6
19 82485 1 474 8
19 30123 1 483 7
19 82485 1 489 8
19 30123 1 497 6
19 82485 1 500 10
19 82485 1 511 8
19 82485 1 525 19
19 75285 1 566 7
19 82485 1 575 9
19 75285 1 581 10
19 75285 1 592 14
19 82485 1 602 6
19 75285 1 607 30
19 82485 1 613 10
19 30123 1 618 9
19 75285 1 650 6
19 30123 1 653 6
19 75285 1 678 8
19 75285 1 693 9
19 75285 1 706 16
19 75285 1 729 13
19 30123 1 738 5
19 82485 1 752 6
19 75285 1 755 5
19 82485 1 769 11
19 30123 1 775 13
19 82485 1 782 5
19 82485 1 803 7
19 30123 1 806 5
19 75285 1 815 7
19 30123 1 822 5
19 75285 1 828 10
19 82485 1 830 5
19 82485 1 840 17
19 35229 1 862 6
19 82485 1 870 10
19 30123 1 881 9
19 82485 1 881 9
19 35229 1 889 12
19 35229 1 908 6
19 6534 1 918 12
19 35229 1 918 10
19 30123 1 919 8
19 30123 1 928 12
19 6534 1 941 11
19 35229 1 941 7
19 30123 1 946 7
19 6534 1 953 5
19 30123 1 962 6
19 30123 1 981 9
19 35229 1 981 6
19 35229 1 997 23
19 35229 1 1021 7
19 30123 1 1059 10
19 30123 1 1080 13
19 9744 1 1088 10
19 66828 1 1090 7
19 9744 1 1122 5
19 66828 1 1126 10
19 82485 1 1138 8
19 66828 1 1140 5
19 9744 1 1142 5
19 66828 1 1146 7
19 82485 1 1153 9
19 30738 1 1162 5
19 30738 1 1168 5
19 30738 1 1174 20
19 82485 1 1174 10
19 9744 1 1177 12
19 82485 1 1187 6
19 82485 1 1194 9
19 30738 1 1195 11
19 9744 1 1202 5
19 82485 1 1207 9
19 89043 1 1214 5
19 30738 1 1216 16
19 89043 1 1244 10
19 89043 1 1267 12
19 66828 1 1276 20
19 26097 1 1283 10
19 66828 1 1297 37
19 26097 1 1305 6
19 66828 1 1335 9
19 66828 1 1362 18
19 26097 1 1372 6
19 26097 1 1382 6
19 66828 1 1392 5
19 26097 1 1393 5
19 66828 1 1398 8
19 89043 1 1406 5
19 66828 1 1407 6
19 66828 1 1416 6
19 66828 1 1434 6
19 66828 1 1445 9
19 66828 1 1455 17
19 89043 1 1460 6
19 89043 1 1467 7
19 66828 1 1480 13
19 31434 1 1529 7
19 41145 1 1545 24
19 26097 1 1559 9
19 31434 1 1569 8
19 41145 1 1574 7
19 41145 1 1583 5
19 41145 1 1590 11
19 31434 1 1595 5
19 31434 1 1604 8
19 41145 1 1604 5
19 67353 1 1616 9
19 27186 1 1716 5
19 27186 1 1722 11
19 26097 1 1724 22
19 31434 1 1734 5
19 27186 1 1742 5
19 26097 1 1747 14
19 31434 1 1747 24
19 27186 1 1754 12
19 26097 1 1763 17
19 31434 1 1772 5
19 31434 1 1779 5
19 27186 1 1836 6
19 26097 1 1845 5
19 27186 1 1851 5
19 27186 1 1864 14
19 26097 1 1876 9
19 27186 1 1881 9
19 89043 1 1882 7
19 26097 1 1891 6
19 89043 1 1894 8
19 27186 1 1898 11
19 66828 1 1901 6
19 89043 1 1906 5
19 89043 1 1913 5
19 26097 1 1929 5
19 26097 1 1939 6
19 67353 1 1941 7
19 27507 1 1946 17
19 46266 1 1973 11
19 27507 1 1977 25
19 89043 1 1997 5
19 89043 1 2009 8
19 27507 1 2011 12
19 89043 1 2018 10
19 46266 1 2022 5
19 89043 1 2034 5
19 27507 1 2037 6
19 27507 1 2051 10
19 89043 1 2053 8
19 27507 1 2062 6
19 89043 1 2062 5
19 89043 1 2068 19
19 27507 1 2069 6
19 27507 1 2076 9
19 46266 1 2090 5
19 27507 1 2091 10
19 89043 1 2091 5
19 74193 1 2093 6
19 89043 1 2104 11
19 27507 1 2107 7
19 46266 1 2113 9
19 74193 1 2113 24
19 89043 1 2123 43
19 74193 1 2138 17
19 27507 1 2140 5
19 74193 1 2156 8
19 74193 1 2168 5
19 89043 1 2171 15
19 74193 1 2197 11
19 77196 1 2197 8
19 89043 1 2200 14
19 89043 1 2215 5
19 89043 1 2222 6
19 74193 1 2225 8
19 74193 1 2234 25
19 89043 1 2261 29
19 74193 1 2267 10
19 74193 1 2278 5
19 89043 1 2291 6
19 74193 1 2292 10
19 89043 1 2298 6
19 74193 1 2304 5
19 89043 1 2307 7
19 89043 1 2318 15
19 89043 1 2339 16
19 74193 1 2344 5
19 74193 1 2350 33
19 89043 1 2356 5
19 89043 1 2367 15
19 89043 1 2384 15
19 74193 1 2391 14
19 89043 1 2400 10
19 89043 1 2411 5
19 89043 1 2419 12
19 24426 1 2427 12
19 55149 1 2441 17
19 24426 1 2444 8
19 24426 1 2456 7
19 47736 1 2502 7
19 47736 1 2510 12
19 24426 1 2521 31
19 47736 1 2523 11
19 47736 1 2535 14
19 74193 1 2544 11
19 74193 1 2560 7
19 47736 1 2565 16
19 47736 1 2589 6
19 24426 1 2590 6
19 24426 1 2601 6
19 24426 1 2608 23
19 68877 1 2616 7
19 24426 1 2632 10
19 24426 1 2643 5
19 24426 1 2657 10
19 74193 1 2658 5
19 24426 1 2704 16
19 24426 1 2739 14
19 54504 1 2741 6
19 54504 1 2775 6
19 85107 1 2803 5
19 85107 1 2815 7
19 17208 1 2820 13
19 85107 1 2823 19
19 85107 1 2843 9
19 85107 1 2856 6
19 31425 1 2875 7
19 85107 1 2881 13
19 17208 1 2888 5
19 85107 1 2898 5
19 31425 1 2910 12
19 31425 1 2928 5
19 85107 1 2960 8
19 71298 1 2964 7
19 85107 1 2969 11
19 85107 1 2985 6
19 31425 1 2995 6
19 64653 1 3028 14
19 33624 1 3064 10
19 31425 1 3065 9
19 64653 1 3065 5
19 72708 1 3071 8
19 31425 1 3083 22
19 64653 1 3103 41
19 90369 1 3114 10
19 90369 1 3125 10
19 31425 1 3143 8
19 52344 1 3149 8
19 52344 1 3158 15
19 31425 1 3159 12
19 52344 1 3174 8
19 52344 1 3183 11
19 52344 1 3195 5
19 64653 1 3209 13
19 64653 1 3223 17
19 90369 1 3228 5
19 90369 1 3242 5
19 85959 1 3259 20
19 71196 1 3263 10
19 24324 1 3274 13
19 85959 1 3284 9
19 24324 1 3299 6
19 24324 1 3309 8
19 85959 1 3314 5
19 24324 1 3318 12
19 24324 1 3331 9
19 24324 1 3342 9
19 85959 1 3387 6
19 24324 1 3388 9
19 85959 1 3394 20
19 24324 1 3404 6
19 24324 1 3421 26
19 64527 1 3423 16
19 85959 1 3424 9
19 64527 1 3441 5
19 85959 1 3443 11
19 24324 1 3448 6
19 64527 1 3448 7
19 85959 1 3455 7
19 24324 1 3461 16
19 24324 1 3480 9
19 85959 1 3505 24
19 85959 1 3540 9
19 93996 1 3544 8
19 85959 1 3558 11
19 93996 1 3567 10
19 85959 1 3572 10
19 93996 1 3585 5
19 93996 1 3591 7
19 85959 1 3601 12
19 64527 1 3610 6
19 85959 1 3617 17
19 71196 1 3618 11
19 64527 1 3622 5
19 64527 1 3628 6
19 71196 1 3640 6
19 64527 1 3655 7
19 85959 1 3659 5
19 71196 1 3670 13
19 64527 1 3679 5
19 71196 1 3684 12
19 42948 1 3687 24
19 71196 1 3701 5
19 71196 1 3707 8
19 71196 1 3717 9
19 42948 1 3718 13
19 49422 1 3744 9
19 36348 1 3754 16
19 59220 1 3754 8
19 33624 1 3757 7
19 36348 1 3771 9
19 85959 1 3787 5
19 24435 1 3797 8
19 33624 1 3804 12
19 24435 1 3806 12
19 85959 1 3808 6
19 85959 1 3817 9
19 24435 1 3819 7
19 33624 1 3823 5
19 24435 1 3832 7
19 33624 1 3832 5
19 33624 1 3838 7
19 59220 1 3846 6
19 69858 1 3854 9
19 33624 1 3856 9
19 24435 1 3857 8
19 59220 1 3877 7
19 24435 1 3879 5
19 33624 1 3881 17
19 33624 1 3907 5
19 69858 1 3923 5
19 69858 1 3929 10
19 33624 1 3934 5
19 33624 1 3940 44
19 69858 1 3940 15
19 42288 1 3956 5
19 69858 1 3963 13
19 24921 1 4030 18
19 81309 1 4036 9
19 81309 1 4046 8
19 24921 1 4049 9
19 81309 1 4055 20
19 94596 1 4064 7
19 94596 1 4075 7
19 42288 1 4108 5
19 94596 1 4111 5
19 94596 1 4119 8
19 42288 1 4125 5
19 42288 1 4136 8
19 33624 1 4147 5
19 42288 1 4151 10
19 33624 1 4154 5
19 42288 1 4168 13
19 33624 1 4180 10
19 42288 1 4207 9
19 33624 1 4215 5
19 24921 1 4227 6
19 24921 1 4238 8
19 42288 1 4242 23
19 33624 1 4246 5
19 24921 1 4247 12
19 33624 1 4260 5
19 33624 1 4266 16
19 42288 1 4272 22
19 33624 1 4283 5
19 42288 1 4297 5
19 33624 1 4302 8
19 42288 1 4303 6
19 33624 1 4316 8
19 33624 1 4325 15
19 42288 1 4329 7
19 24921 1 4334 13
19 24921 1 4352 7
19 33624 1 4353 11
19 42288 1 4355 17
19 38871 1 4412 5
19 38871 1 4419 6
19 38871 1 4426 5
19 36732 1 4439 7
19 4863 1 4446 7
19 4863 1 4454 12
19 88623 1 4459 5
19 4863 1 4468 11
19 88623 1 4473 19
19 4863 1 4480 18
19 88623 1 4493 17
19 4863 1 4499 6
19 4863 1 4506 8
19 36732 1 4525 7
19 94968 1 4529 19
19 36732 1 4535 19
19 94968 1 4558 6
19 88623 1 4589 6
19 61647 1 4598 6
19 88623 1 4602 12
19 61647 1 4605 13
19 61647 1 4619 15
19 88623 1 4628 7
19 61647 1 4636 14
19 88623 1 4643 41
19 61647 1 4660 5
19 88623 1 4694 11
19 61392 1 4700 5
19 88623 1 4709 5
19 87012 1 4712 7
19 88623 1 4724 7
19 87012 1 4735 7
19 87012 1 4743 7
19 87012 1 4755 8
19 88623 1 4775 5
19 33624 1 4785 6
19 88623 1 4786 6
19 87012 1 4788 6
19 87012 1 4795 22
19 33624 1 4810 5
19 87012 1 4828 7
19 87012 1 4846 5
19 88623 1 4848 5
19 36732 1 4861 14
19 33624 1 4863 10
19 33624 1 4874 5
19 87012 1 4876 27
19 33624 1 4888 5
1 91896 2 1145 7
1 69669 2 2168 5
1 77574 2 4453 6
5 67968 2 3835 5
11 88872 2 6 12
11 88872 2 24 12
11 88872 2 38 11
11 42288 2 56 7
11 42288 2 64 5
11 42288 2 70 13
11 91353 2 79 15
11 91353 2 96 14
11 91353 2 119 7
11 91353 2 136 8
11 91353 2 146 9
11 91353 2 156 5
11 36732 2 158 7
11 91353 2 162 5
11 36732 2 168 9
11 91353 2 182 11
11 91353 2 195 12
11 36732 2 217 5
11 36732 2 223 8
11 30123 2 239 6
11 36732 2 243 15
11 30123 2 247 11
11 30123 2 267 16
11 36732 2 277 5
11 30123 2 317 11
11 30123 2 329 6
11 30123 2 336 5
11 41265 2 338 5
11 30123 2 342 5
11 30123 2 377 6
11 1761 2 400 6
11 1761 2 407 14
11 1761 2 422 18
11 1761 2 452 5
11 1761 2 458 21
11 1761 2 489 6
11 1761 2 496 7
11 1761 2 510 29
11 30123 2 546 6
11 1761 2 556 17
11 30123 2 559 10
11 30123 2 575 15
11 1761 2 585 6
11 30123 2 593 5
11 1761 2 601 8
11 30123 2 618 5
11 1761 2 624 5
11 30123 2 624 6
11 1761 2 635 13
11 1761 2 650 6
11 1761 2 657 13
11 1761 2 671 21
11 30123 2 676 6
11 30123 2 683 11
11 30123 2 695 6
11 1761 2 712 25
11 30123 2 712 9
11 1761 2 738 9
11 30123 2 745 5
11 1761 2 750 7
11 30123 2 764 8
11 30123 2 773 9
11 30123 2 794 6
11 30123 2 802 16
11 49596 2 813 15
11 30123 2 824 10
11 49596 2 830 5
11 30123 2 835 6
11 49596 2 845 8
11 30123 2 865 8
11 30123 2 876 8
11 30123 2 885 5
11 8169 2 895 9
11 30123 2 895 11
11 30123 2 913 8
11 1761 2 926 7
11 1761 2 934 5
11 1761 2 940 12
11 30123 2 951 5
11 1761 2 953 16
11 30123 2 959 11
11 30123 2 982 7
11 30123 2 993 6
11 30123 2 1023 7
11 30123 2 1046 6
11 30123 2 1065 5
11 30123 2 1072 13
11 30123 2 1094 6
11 30123 2 1101 9
11 30123 2 1111 5
11 30123 2 1118 10
11 15246 2 1121 11
11 30123 2 1132 13
11 15246 2 1137 7
11 90504 2 1157 7
11 90504 2 1185 10
11 15246 2 1196 14
11 15246 2 1211 16
11 1761 2 1224 8
11 15246 2 1228 14
11 1761 2 1238 5
11 1761 2 1247 6
11 15246 2 1249 10
11 15246 2 1281 9
11 1761 2 1283 5
11 19875 2 1285 6
11 15246 2 1297 18
11 19875 2 1300 9
11 1761 2 1314 25
11 1761 2 1344 13
11 1761 2 1362 5
11 19875 2 1373 7
11 1761 2 1381 8
11 19875 2 1385 7
11 1761 2 1390 5
11 1761 2 1396 5
11 19875 2 1397 5
11 1761 2 1404 7
11 1761 2 1420 8
11 1761 2 1438 5
11 19875 2 1443 6
11 1761 2 1444 9
11 19875 2 1450 9
11 19875 2 1472 8
11 19875 2 1496 14
11 19875 2 1512 10
11 19875 2 1523 11
11 15246 2 1540 5
11 15246 2 1547 6
11 15246 2 1554 5
11 15246 2 1560 10
11 15246 2 1572 11
11 15246 2 1586 6
11 61647 2 1605 20
11 61647 2 1626 10
11 15246 2 1633 5
11 15246 2 1639 5
11 15246 2 1649 17
11 33624 2 1662 8
11 15246 2 1682 8
11 33624 2 1683 5
11 15246 2 1692 6
11 15246 2 1699 13
11 15246 2 1720 10
11 15246 2 1731 5
11 61647 2 1733 18
11 15246 2 1762 7
11 15246 2 1781 21
11 15246 2 1803 17
11 61647 2 1804 10
11 61647 2 1815 6
11 15246 2 1824 8
11 61647 2 1837 8
11 15246 2 1840 6
11 61647 2 1846 15
11 61647 2 1863 17
11 15246 2 1873 8
11 61647 2 1885 22
11 15246 2 1898 6
11 61647 2 1908 5
11 61647 2 1915 22
11 15246 2 1922 6
11 864 2 1953 11
11 61647 2 1955 17
11 864 2 1965 9
11 61647 2 1973 9
11 864 2 1975 20
11 61647 2 1995 19
11 864 2 1996 27
11 61647 2 2027 5
11 61647 2 2034 7
11 864 2 2041 10
11 61647 2 2042 14
11 864 2 2058 38
11 61647 2 2074 10
11 61647 2 2093 11
11 61647 2 2105 5
11 864 2 2113 14
11 61647 2 2127 12
11 864 2 2133 10
11 864 2 2146 5
11 42636 2 2149 5
11 61647 2 2150 6
11 42636 2 2155 8
11 864 2 2169 6
11 864 2 2176 5
11 864 2 2187 13
11 61647 2 2188 26
11 61647 2 2216 6
11 61647 2 2250 5
11 61647 2 2261 9
11 55383 2 2301 7
11 61647 2 2307 10
11 55383 2 2319 11
11 55383 2 2337 5
11 55383 2 2358 5
11 61647 2 2371 5
11 61647 2 2381 5
11 61647 2 2389 8
11 74688 2 2417 6
11 61647 2 2435 5
11 74688 2 2444 7
11 57966 2 2466 30
11 61647 2 2508 5
11 55383 2 2536 22
11 61647 2 2557 10
11 55383 2 2561 7
11 61647 2 2568 6
11 55383 2 2569 32
11 61647 2 2575 13
11 55383 2 2611 23
11 61647 2 2615 49
11 61647 2 2666 9
11 61647 2 2676 10
11 61647 2 2694 10
11 61647 2 2708 15
11 87513 2 2712 6
11 61647 2 2724 9
11 61647 2 2735 7
11 61647 2 2745 5
11 59781 2 2757 6
11 61647 2 2757 8
11 59781 2 2764 9
11 59781 2 2774 14
11 59781 2 2789 25
11 87513 2 2789 8
11 59781 2 2839 10
11 55383 2 2851 11
11 59781 2 2851 9
11 59781 2 2864 15
11 55383 2 2874 6
11 55383 2 2885 21
11 59781 2 2886 10
11 55383 2 2912 24
11 55383 2 2938 17
11 88200 2 2948 6
11 88200 2 2974 5
11 88200 2 2981 6
11 55383 2 3000 5
11 55383 2 3014 19
11 55383 2 3034 6
11 55383 2 3056 6
11 55383 2 3076 6
11 55383 2 3086 16
11 55383 2 3116 11
11 57966 2 3129 11
11 57966 2 3153 5
11 57966 2 3160 17
11 55383 2 3177 10
11 57966 2 3178 12
11 57966 2 3191 11
11 55383 2 3209 6
11 55383 2 3225 8
11 55383 2 3234 8
11 55383 2 3244 8
11 41307 2 3263 10
11 55383 2 3267 26
11 58791 2 3295 9
11 55383 2 3308 6
11 58791 2 3344 13
11 58791 2 3359 10
11 44301 2 3402 11
11 87513 2 3416 5
11 87513 2 3433 11
11 87513 2 3448 9
11 71871 2 3464 7
11 58791 2 3482 5
11 58791 2 3501 5
11 58791 2 3513 9
11 55383 2 3528 5
11 55383 2 3545 15
11 58791 2 3548 6
11 58791 2 3561 11
11 58791 2 3573 9
11 58791 2 3588 10
11 58791 2 3602 6
11 58791 2 3631 7
11 58791 2 3642 16
11 58791 2 3664 6
11 58791 2 3671 5
11 87513 2 3673 8
11 58791 2 3683 11
11 87513 2 3690 5
11 87513 2 3725 11
11 58791 2 3732 22
11 36165 2 3755 8
11 58791 2 3758 5
11 58791 2 3790 7
11 36165 2 3792 17
11 36165 2 3810 6
11 58791 2 3813 6
11 36165 2 3818 10
11 58791 2 3821 5
11 58791 2 3854 17
11 36165 2 3857 13
11 36165 2 3871 5
11 58791 2 3873 7
11 58791 2 3881 10
11 58791 2 3892 11
11 21864 2 3894 9
11 58791 2 3910 15
11 94848 2 3925 10
11 94848 2 3950 14
11 94848 2 3965 9
11 21864 2 3967 16
11 21864 2 3984 6
11 94848 2 3984 5
11 21864 2 3995 21
11 94848 2 4036 5
11 94848 2 4044 5
11 6114 2 4066 7
11 80751 2 4083 7
11 80751 2 4091 14
11 94848 2 4103 5
11 80751 2 4106 8
11 94848 2 4109 25
11 80751 2 4117 6
11 80751 2 4127 15
11 94848 2 4139 11
11 80751 2 4157 8
11 94848 2 4159 9
11 94848 2 4171 6
11 80751 2 4173 7
11 94848 2 4178 7
11 80751 2 4181 24
11 94848 2 4191 12
11 94848 2 4205 12
11 94848 2 4218 5
11 80751 2 4227 5
11 80751 2 4233 5
11 26880 2 4265 9
11 36600 2 4270 5
11 36600 2 4287 6
11 36600 2 4307 8
11 36600 2 4321 8
11 36600 2 4350 5
11 94848 2 4386 9
11 94848 2 4396 6
11 36600 2 4397 9
11 36600 2 4411 5
11 94848 2 4418 11
11 94848 2 4460 5
11 66288 2 4471 15
11 94848 2 4484 12
11 66288 2 4487 17
11 94848 2 4499 15
11 66288 2 4533 7
11 94848 2 4540 13
11 66288 2 4548 6
11 94848 2 4560 8
11 66288 2 4562 9
11 94848 2 4569 8
11 66288 2 4575 8
11 94848 2 4578 5
11 66288 2 4588 17
11 94848 2 4589 10
11 94848 2 4600 5
11 94848 2 4611 5
11 66288 2 4627 7
11 66288 2 4635 5
11 66288 2 4650 16
11 94848 2 4657 9
11 66288 2 4667 17
11 66288 2 4686 5
11 21864 2 4703 13
11 41307 2 4708 6
11 52101 2 4723 6
11 41307 2 4735 8
11 52101 2 4750 7
11 52101 2 4758 8
11 52101 2 4779 5
11 52101 2 4790 9
11 52101 2 4815 6
11 58791 2 4831 24
11 58791 2 4856 9
11 26880 2 4864 19
11 58791 2 4866 9
12 69669 2 233 8
12 69669 2 243 7
12 69669 2 791 6
12 69669 2 798 8
12 69669 2 825 6
12 69669 2 879 5
12 69669 2 902 5
12 69669 2 911 6
12 69669 2 918 8
12 69669 2 1084 8
12 69669 2 1386 5
12 75342 2 1461 8
12 69669 2 1477 11
12 69669 2 1494 7
12 69669 2 1502 5
12 69669 2 1508 5
12 69669 2 1515 13
12 62046 2 1824 12
12 62046 2 2113 5
12 62046 2 2126 6
12 62046 2 2133 5
12 81054 2 2407 9
12 41079 2 2594 8
12 76488 2 2862 5
12 82590 2 3097 6
12 82590 2 3114 10
12 82590 2 3189 8
12 82590 2 3217 5
12 82590 2 3223 6
12 82590 2 3305 5
12 28857 2 3593 7
12 28857 2 3609 20
12 28857 2 3635 6
12 381 2 4105 5
12 37821 2 4176 5
12 37821 2 4196 18
12 37821 2 4215 7
12 37821 2 4236 10
12 37821 2 4247 5
12 37821 2 4289 7
12 37821 2 4310 9
12 37821 2 4329 10
12 37821 2 4341 7
12 37821 2 4353 6
12 37821 2 4374 5
12 37821 2 4388 5
12 37821 2 4507 13
12 37821 2 4539 6
12 37821 2 4548 7
12 37821 2 4572 6
12 37821 2 4579 6
12 37821 2 4599 8
13 41079 2 2643 5
14 82278 2 817 8
19 88623 2 6 42
19 87012 2 9 7
19 87012 2 31 7
19 88623 2 59 10
19 69669 2 63 6
19 88623 2 70 11
19 87012 2 73 6
19 88623 2 82 13
19 33624 2 95 6
19 88623 2 96 22
19 82278 2 146 12
19 33624 2 148 7
19 82278 2 159 7
19 33624 2 162 11
19 82278 2 176 5
19 33624 2 185 19
19 82278 2 191 5
19 33624 2 208 16
19 69669 2 208 9
19 33624 2 225 7
19 69669 2 226 5
19 82278 2 226 5
19 33624 2 233 14
19 82278 2 246 6
19 82278 2 265 12
19 33624 2 272 8
19 82278 2 278 8
19 33624 2 284 7
19 82278 2 292 8
19 72891 2 307 35
19 33624 2 337 7
19 72891 2 352 9
19 72891 2 362 6
19 33624 2 366 8
19 82278 2 368 11
19 33624 2 387 11
19 68118 2 390 5
19 68118 2 403 8
19 68118 2 414 10
19 33624 2 419 6
19 68118 2 431 5
19 72891 2 437 16
19 69669 2 454 6
19 72891 2 459 5
19 69669 2 470 6
19 69669 2 477 6
19 39036 2 499 16
19 69669 2 506 5
19 39036 2 518 40
19 69669 2 531 5
19 82278 2 536 21
19 50382 2 565 9
19 50382 2 581 5
19 82278 2 588 9
19 50382 2 593 5
19 82278 2 598 7
19 50382 2 599 7
19 50382 2 613 9
19 82278 2 618 13
19 50382 2 630 8
19 82278 2 645 30
19 50382 2 647 7
19 50382 2 660 24
19 82278 2 676 23
19 50382 2 685 7
19 82278 2 700 7
19 50382 2 703 11
19 82278 2 709 14
19 50382 2 723 16
19 82278 2 731 9
19 50382 2 740 43
19 82278 2 742 11
19 82278 2 779 5
19 50382 2 784 13
19 82278 2 795 8
19 50382 2 798 9
19 82278 2 807 18
19 50382 2 812 11
19 82278 2 826 13
19 50382 2 827 11
19 82278 2 840 9
19 50382 2 844 6
19 28857 2 849 7
19 50382 2 854 7
19 50382 2 863 5
19 50382 2 872 6
19 82278 2 873 12
19 82278 2 886 11
19 50382 2 889 31
19 54804 2 889 9
19 82278 2 918 11
19 50382 2 930 29
19 82278 2 947 5
19 54804 2 954 5
19 50382 2 963 12
19 54804 2 970 20
19 82278 2 975 7
19 50382 2 987 28
19 54804 2 1004 6
19 50382 2 1017 25
19 50382 2 1043 7
19 54804 2 1043 5
19 54804 2 1050 5
19 54804 2 1062 6
19 54804 2 1071 20
19 48429 2 1080 5
19 48429 2 1086 22
19 68118 2 1100 5
19 68118 2 1106 5
19 54804 2 1107 5
19 68118 2 1112 5
19 54804 2 1118 8
19 14259 2 1119 7
19 14259 2 1127 12
19 54804 2 1161 12
19 54804 2 1174 5
19 54804 2 1195 5
19 14259 2 1197 11
19 69669 2 1207 8
19 14259 2 1214 10
19 39036 2 1267 8
19 39036 2 1276 22
19 54804 2 1280 5
19 39036 2 1300 7
19 69669 2 1310 16
19 39036 2 1311 16
19 39036 2 1331 6
19 75342 2 1337 12
19 39036 2 1339 10
19 39036 2 1350 22
19 39036 2 1377 11
19 75342 2 1386 6
19 39036 2 1389 22
19 68556 2 1395 10
19 39036 2 1412 6
19 69669 2 1413 14
19 39036 2 1420 8
19 69669 2 1436 6
19 39036 2 1446 9
19 69669 2 1460 5
19 32457 2 1488 5
19 39036 2 1491 7
19 39036 2 1500 6
19 32457 2 1504 6
19 62046 2 1509 10
19 39036 2 1513 8
19 32457 2 1518 8
19 62046 2 1520 26
19 39036 2 1525 9
19 39036 2 1541 6
19 32457 2 1548 9
19 4737 2 1560 9
19 68118 2 1577 5
19 72606 2 1592 6
19 72606 2 1608 5
19 72606 2 1614 9
19 62046 2 1630 5
19 72606 2 1630 9
19 72606 2 1640 20
19 58791 2 1659 5
19 72606 2 1668 28
19 62046 2 1682 6
19 62046 2 1696 21
19 72606 2 1700 33
19 87012 2 1716 8
19 62046 2 1719 10
19 87012 2 1730 8
19 87012 2 1742 5
19 72606 2 1744 6
19 62046 2 1749 12
19 72606 2 1751 6
19 72606 2 1759 25
19 62046 2 1768 9
19 62046 2 1778 11
19 62046 2 1790 23
19 8715 2 1792 5
19 18894 2 1805 6
19 18894 2 1815 11
19 39312 2 1822 10
19 18894 2 1827 25
19 39312 2 1833 9
19 39312 2 1843 7
19 18894 2 1860 26
19 39312 2 1866 19
19 18894 2 1893 9
19 39312 2 1893 8
19 39312 2 1902 5
19 62046 2 1933 9
19 39312 2 1940 7
19 62046 2 1943 15
19 62046 2 1960 7
19 39312 2 1965 6
19 62046 2 1973 10
19 9501 2 1982 11
19 9501 2 2000 9
19 9501 2 2021 23
19 62046 2 2032 6
19 62046 2 2040 9
19 39312 2 2057 13
19 94662 2 2081 7
19 62046 2 2085 7
19 94662 2 2089 10
19 39312 2 2116 6
19 39312 2 2123 6
19 39312 2 2141 7
19 39312 2 2166 9
19 13431 2 2167 8
19 39312 2 2178 27
19 4737 2 2185 24
19 39312 2 2206 6
19 39312 2 2213 5
19 4737 2 2218 9
19 87513 2 2222 5
19 4737 2 2228 5
19 4737 2 2234 7
19 42288 2 2279 16
19 39312 2 2288 8
19 39312 2 2297 21
19 42288 2 2303 16
19 42288 2 2320 7
19 39312 2 2325 7
19 42288 2 2328 9
19 39312 2 2342 7
19 74058 2 2343 8
19 42288 2 2349 6
19 74058 2 2370 10
19 69063 2 2383 25
19 69063 2 2419 10
19 74058 2 2424 7
19 69063 2 2430 6
19 81054 2 2442 9
19 69063 2 2454 8
19 74058 2 2471 15
19 74058 2 2489 5
19 72891 2 2542 8
19 72891 2 2560 17
19 41079 2 2582 5
19 72891 2 2593 8
19 4737 2 2650 51
19 1959 2 2652 6
19 1959 2 2702 5
19 4737 2 2702 12
19 1959 2 2719 7
19 4737 2 2719 10
19 4737 2 2736 7
19 51603 2 2743 13
19 4737 2 2745 7
19 1959 2 2747 7
19 4737 2 2758 8
19 1959 2 2759 9
19 51603 2 2761 7
19 1959 2 2774 51
19 4737 2 2784 7
19 74058 2 2804 14
19 74058 2 2825 8
19 74058 2 2842 8
19 1959 2 2850 14
19 74058 2 2851 5
19 1959 2 2865 12
19 74058 2 2869 6
19 74058 2 2876 32
19 74058 2 2910 5
19 74058 2 2918 5
19 82590 2 2931 7
19 61647 2 2934 10
19 74058 2 2963 7
19 74058 2 2976 6
19 74058 2 2983 23
19 82590 2 3002 5
19 74058 2 3011 6
19 91353 2 3018 5
19 82590 2 3025 12
19 74058 2 3029 8
19 82590 2 3047 8
19 74058 2 3054 5
19 91353 2 3056 6
19 74058 2 3069 5
19 91353 2 3084 7
19 74058 2 3087 10
19 91353 2 3097 5
19 74058 2 3098 6
19 74058 2 3105 7
19 91353 2 3107 5
19 91353 2 3113 12
19 21864 2 3128 18
19 91353 2 3147 5
19 21864 2 3151 14
19 91353 2 3162 6
19 91353 2 3175 10
19 21864 2 3185 18
19 6114 2 3187 6
19 6114 2 3200 9
19 21864 2 3204 17
19 91353 2 3209 5
19 6114 2 3221 8
19 21864 2 3226 13
19 82590 2 3252 6
19 94662 2 3272 14
19 68118 2 3274 5
19 68118 2 3293 6
19 94662 2 3295 6
19 94662 2 3306 8
19 68118 2 3314 7
19 94662 2 3315 5
19 68118 2 3330 5
19 68118 2 3343 6
19 74058 2 3348 20
19 6114 2 3360 14
19 6114 2 3379 9
19 74058 2 3383 6
19 6114 2 3389 9
19 74058 2 3390 46
19 6114 2 3399 15
19 28857 2 3403 5
19 6114 2 3418 19
19 28857 2 3428 7
19 74058 2 3437 10
19 6114 2 3447 5
19 6114 2 3454 6
19 6114 2 3466 6
19 6114 2 3477 8
19 74058 2 3485 7
19 6114 2 3493 11
19 21864 2 3502 6
19 6114 2 3505 17
19 6114 2 3523 15
19 21864 2 3528 8
19 74058 2 3535 5
19 21864 2 3551 15
19 6114 2 3555 7
19 6114 2 3563 5
19 6114 2 3569 5
19 6114 2 3575 5
19 6114 2 3584 6
19 6114 2 3591 14
19 74058 2 3596 6
19 21864 2 3597 6
19 21864 2 3606 5
19 74058 2 3606 6
19 45069 2 3612 5
19 6114 2 3623 17
19 74058 2 3632 5
19 6114 2 3652 6
19 9501 2 3674 5
19 74058 2 3681 18
19 9501 2 3682 5
19 9501 2 3691 8
19 9501 2 3700 6
19 74058 2 3700 11
19 74058 2 3712 16
19 9501 2 3722 16
19 74058 2 3729 5
19 74058 2 3740 16
19 9501 2 3751 7
19 9501 2 3759 5
19 74058 2 3764 11
19 9501 2 3767 18
19 74058 2 3785 44
19 9501 2 3788 22
19 9501 2 3826 8
19 9501 2 3835 11
19 74058 2 3835 13
19 9501 2 3847 28
19 74058 2 3864 6
19 74058 2 3871 6
19 6114 2 3908 5
19 6114 2 3914 14
19 74058 2 3939 13
19 14811 2 3945 6
19 36732 2 3991 20
19 9501 2 4023 6
19 36732 2 4028 6
19 36732 2 4035 11
19 381 2 4045 7
19 36732 2 4068 6
19 36732 2 4075 46
19 9501 2 4093 9
19 9501 2 4115 7
19 9501 2 4130 6
19 36732 2 4136 6
19 9501 2 4137 6
19 9501 2 4144 5
19 37821 2 4152 15
19 14811 2 4189 11
19 381 2 4217 5
19 381 2 4226 7
19 43896 2 4226 12
19 43896 2 4239 9
19 381 2 4243 12
19 43896 2 4252 15
19 381 2 4256 5
19 381 2 4262 15
19 37821 2 4265 8
19 43896 2 4270 10
19 43896 2 4287 19
19 381 2 4301 7
19 381 2 4309 7
19 43896 2 4311 6
19 381 2 4318 8
19 381 2 4327 5
19 381 2 4334 5
19 1761 2 4339 5
19 21864 2 4341 19
19 21864 2 4372 20
19 43896 2 4384 10
19 21864 2 4414 7
19 43896 2 4415 5
19 21864 2 4422 10
19 37821 2 4432 6
19 9501 2 4438 5
19 21864 2 4453 6
19 84126 2 4462 5
19 9501 2 4471 14
19 9501 2 4497 10
19 9501 2 4509 7
19 9501 2 4517 9
19 23028 2 4519 8
19 21864 2 4527 6
19 9501 2 4530 8
19 21864 2 4535 10
19 23028 2 4546 12
19 21864 2 4550 6
19 23028 2 4559 15
19 9501 2 4564 15
19 23028 2 4581 19
19 9501 2 4595 11
19 9501 2 4607 25
19 21864 2 4609 5
19 21864 2 4615 8
19 23028 2 4615 12
19 23028 2 4636 8
19 51531 2 4638 6
19 9501 2 4639 7
19 9501 2 4647 34
19 23028 2 4648 21
19 51531 2 4656 6
19 51531 2 4669 7
19 23028 2 4670 8
19 23028 2 4683 8
19 51531 2 4683 18
19 9501 2 4693 11
19 23028 2 4697 9
19 9501 2 4705 7
19 23028 2 4707 7
19 9501 2 4713 11
19 23028 2 4718 10
19 21864 2 4730 7
19 9501 2 4732 6
19 23028 2 4735 5
19 21864 2 4741 6
19 23028 2 4741 10
19 9501 2 4744 16
19 9501 2 4766 8
19 23028 2 4773 10
19 21864 2 4780 26
19 9501 2 4790 9
19 21864 2 4832 6
19 21864 2 4839 7
19 38115 2 4846 6
19 21864 2 4854 9
19 38115 2 4854 26
19 21864 2 4881 8
19 38115 2 4885 15
19 21864 2 4890 9
1 36732 3 1100 6
1 6114 3 1218 12
1 85827 3 2271 5
1 85125 3 3312 6
1 7968 3 4177 5
2 6114 3 1218 8
5 76488 3 3703 6
6 40956 3 2498 5
11 1584 3 9 8
11 1584 3 18 12
11 58791 3 31 5
11 58791 3 43 6
11 58791 3 51 12
11 1584 3 60 6
11 26880 3 85 5
11 58791 3 88 5
11 58791 3 94 5
11 47262 3 96 7
11 58791 3 138 8
11 58791 3 147 8
11 58791 3 156 15
11 58791 3 206 6
11 89052 3 224 10
11 89052 3 270 10
11 52122 3 273 8
11 52122 3 283 8
11 52122 3 297 10
11 89052 3 325 17
11 52122 3 342 19
11 89052 3 345 17
11 89052 3 372 8
11 89052 3 393 12
11 89052 3 406 9
11 89052 3 417 20
11 66930 3 442 12
11 89052 3 448 5
11 89052 3 459 18
11 66930 3 478 6
11 66930 3 508 10
11 66930 3 521 10
11 69942 3 554 9
11 69942 3 570 15
11 69942 3 589 5
11 69942 3 624 15
11 69942 3 641 9
11 59640 3 702 7
11 59640 3 715 7
11 59640 3 733 5
11 59640 3 749 6
11 26880 3 763 11
11 26880 3 781 8
11 26880 3 791 5
11 59640 3 794 8
11 26880 3 810 15
11 57582 3 857 5
11 57582 3 867 13
11 57582 3 889 26
11 26880 3 914 6
11 57582 3 920 10
11 68118 3 954 8
11 68118 3 976 7
11 40956 3 977 9
11 68118 3 985 13
11 40956 3 1027 10
11 40956 3 1041 9
11 21864 3 1061 5
11 40956 3 1068 10
11 21864 3 1072 13
11 21864 3 1091 9
11 40956 3 1094 8
11 40956 3 1110 6
11 40956 3 1117 11
11 40956 3 1135 6
11 40956 3 1146 5
11 40956 3 1161 5
11 86397 3 1168 5
11 86397 3 1191 15
11 40956 3 1205 5
11 40956 3 1211 5
11 40956 3 1217 8
11 86397 3 1223 7
11 40956 3 1226 10
11 86397 3 1252 6
11 40956 3 1283 5
11 86397 3 1283 10
11 40956 3 1289 6
11 86397 3 1294 5
11 40956 3 1298 27
11 86397 3 1342 7
11 77133 3 1353 16
11 77133 3 1370 9
11 77133 3 1380 5
11 40956 3 1398 5
11 86397 3 1408 6
11 86397 3 1430 5
11 77133 3 1435 5
11 86397 3 1443 13
11 77133 3 1461 11
11 77133 3 1473 12
11 77133 3 1488 5
11 77133 3 1501 9
11 77133 3 1519 5
11 77133 3 1533 18
11 86397 3 1547 12
11 77133 3 1569 6
11 558 3 1572 6
11 86397 3 1574 6
11 558 3 1609 7
11 86397 3 1620 12
11 558 3 1626 11
11 86397 3 1633 7
11 558 3 1648 14
11 86397 3 1648 12
11 558 3 1668 10
11 86397 3 1686 16
11 558 3 1691 5
11 558 3 1697 9
11 86397 3 1738 18
11 86397 3 1770 9
11 558 3 1800 6
11 86397 3 1809 15
11 86397 3 1833 6
11 765 3 1860 6
11 24429 3 1871 6
11 765 3 1885 11
11 765 3 1901 17
11 24429 3 1904 5
11 765 3 1922 5
11 765 3 1931 11
11 765 3 1943 5
11 765 3 1952 6
11 558 3 1973 21
11 558 3 1995 31
11 558 3 2027 11
11 558 3 2039 5
11 57090 3 2041 6
11 558 3 2045 21
11 57090 3 2067 7
11 558 3 2084 6
11 558 3 2091 6
11 57090 3 2102 15
11 558 3 2118 10
11 57090 3 2122 5
11 57090 3 2128 7
11 57090 3 2167 5
11 57090 3 2173 8
11 57090 3 2182 21
11 86397 3 2198 11
11 86397 3 2217 7
11 40956 3 2218 9
11 40956 3 2241 9
11 40956 3 2251 7
11 40956 3 2280 7
11 40956 3 2289 9
11 86397 3 2289 8
11 86397 3 2298 5
11 86397 3 2304 14
11 40956 3 2332 6
11 40956 3 2350 14
11 86397 3 2374 6
11 86397 3 2383 9
11 40956 3 2393 7
11 40956 3 2417 5
11 40956 3 2426 10
11 40956 3 2437 5
11 40956 3 2443 5
11 40956 3 2463 10
11 40956 3 2477 6
11 24429 3 2485 8
11 40956 3 2491 10
11 40956 3 2506 11
11 40956 3 2521 6
11 24429 3 2530 14
11 40956 3 2533 15
11 24429 3 2546 5
11 24429 3 2555 9
11 40956 3 2561 6
11 42717 3 2576 9
11 40956 3 2579 7
11 40956 3 2594 8
11 40956 3 2609 15
11 24429 3 2647 6
11 24429 3 2654 6
11 24429 3 2664 5
11 24429 3 2670 11
11 40956 3 2670 12
11 40956 3 2683 7
11 24429 3 2685 16
11 40956 3 2691 13
11 40956 3 2711 16
11 24429 3 2713 5
11 24429 3 2719 14
11 40956 3 2728 10
11 40956 3 2739 13
11 40956 3 2753 6
11 7968 3 2773 5
11 24429 3 2776 8
11 7968 3 2779 8
11 7968 3 2788 7
11 24429 3 2809 5
11 24429 3 2815 9
11 24429 3 2830 13
11 24429 3 2844 14
11 24429 3 2859 6
11 24429 3 2868 6
11 24429 3 2877 7
11 34677 3 2879 8
11 46602 3 2897 5
11 66114 3 2919 20
11 66114 3 2949 16
11 66114 3 2971 29
11 66114 3 3008 22
11 66114 3 3034 26
11 7968 3 3067 12
11 7968 3 3105 11
11 7968 3 3117 29
11 82818 3 3142 12
11 7968 3 3148 16
11 7968 3 3173 5
11 7968 3 3188 7
11 82818 3 3188 7
11 7968 3 3197 6
11 7968 3 3245 5
11 24429 3 3248 6
11 7968 3 3256 5
11 24429 3 3259 6
11 7968 3 3266 7
11 7968 3 3281 6
11 7968 3 3289 47
11 7968 3 3337 16
11 7968 3 3355 8
11 7968 3 3366 13
11 7968 3 3380 6
11 7968 3 3393 5
11 34677 3 3398 12
11 34677 3 3413 19
11 7968 3 3422 5
11 7968 3 3429 5
11 81957 3 3445 13
11 81957 3 3459 6
11 7968 3 3492 5
11 7968 3 3508 10
11 7968 3 3522 11
11 7968 3 3547 8
11 7968 3 3556 8
11 7968 3 3571 5
11 7968 3 3586 8
11 18591 3 3638 11
11 2775 3 3645 11
11 18591 3 3650 7
11 18591 3 3660 13
11 2775 3 3673 8
11 18591 3 3687 12
11 18591 3 3700 15
11 18591 3 3716 10
11 18591 3 3727 5
11 66114 3 3794 9
11 18591 3 3799 5
11 18591 3 3809 27
11 66114 3 3814 6
11 49791 3 3860 25
11 2775 3 3864 9
11 49791 3 3906 6
11 2775 3 3913 9
11 2775 3 3927 7
11 2775 3 3935 5
11 49791 3 3937 15
11 66114 3 3955 6
11 66114 3 3964 26
11 49791 3 3983 13
11 66114 3 3992 5
11 49791 3 4014 6
11 49791 3 4033 13
11 49791 3 4055 10
11 49791 3 4071 7
11 49791 3 4080 12
11 66114 3 4104 7
11 66114 3 4117 8
11 66114 3 4127 5
11 66114 3 4135 6
11 66114 3 4144 5
11 66114 3 4150 5
11 87789 3 4163 13
11 66114 3 4170 19
11 87789 3 4177 24
11 66114 3 4196 8
11 87789 3 4205 15
11 66114 3 4207 6
11 87789 3 4222 8
11 49791 3 4235 8
11 49791 3 4244 10
11 46602 3 4278 9
11 46602 3 4288 7
11 46602 3 4300 7
11 49791 3 4322 6
11 46602 3 4324 10
11 46602 3 4335 9
11 46602 3 4358 6
11 81957 3 4364 11
11 81957 3 4385 16
11 81957 3 4435 6
11 49791 3 4438 6
11 49791 3 4452 5
11 18591 3 4508 14
11 81957 3 4540 5
11 81957 3 4546 6
11 53109 3 4562 10
11 81957 3 4581 7
11 81957 3 4589 9
11 81957 3 4611 6
11 53109 3 4656 16
11 53109 3 4673 15
11 87789 3 4675 15
11 87789 3 4693 9
11 87789 3 4703 6
11 53109 3 4709 9
11 87789 3 4714 13
11 51579 3 4724 5
11 53109 3 4728 6
11 87789 3 4732 9
11 87789 3 4759 6
11 87789 3 4771 6
11 87789 3 4787 7
11 14700 3 4810 39
11 14700 3 4859 11
11 87789 3 4877 5
11 87789 3 4884 6
11 87789 3 4891 6
12 21864 3 217 8
12 21864 3 297 10
12 24429 3 550 6
12 24429 3 564 9
12 87066 3 650 9
12 24429 3 674 12
12 24429 3 689 8
12 36003 3 869 5
12 87066 3 1028 10
12 92226 3 1139 15
12 92226 3 1268 11
12 92226 3 1295 5
12 87066 3 1477 13
12 87066 3 1500 5
12 87066 3 1510 6
12 87066 3 1533 6
12 87066 3 1557 11
12 89052 3 1644 9
12 89052 3 1671 11
12 89052 3 1686 5
12 14700 3 1722 6
12 14700 3 1840 6
12 14700 3 1873 5
12 89052 3 1967 11
12 87066 3 2109 8
12 87066 3 2343 5
12 87066 3 2410 10
12 87066 3 2421 5
12 87066 3 2427 11
12 87066 3 2445 5
12 87066 3 2451 5
12 87066 3 2457 9
12 87066 3 2535 6
12 87066 3 2542 7
12 84870 3 2642 7
12 53067 3 2719 5
12 84870 3 2818 14
12 65601 3 2924 6
12 65601 3 3026 12
12 65601 3 3309 8
12 52449 3 3618 8
12 52449 3 3631 6
12 31230 3 3935 5
12 31230 3 3941 12
12 31230 3 3960 17
12 31230 3 3993 6
12 31230 3 4020 10
12 31230 3 4045 12
12 31230 3 4091 6
12 31230 3 4125 7
12 76488 3 4176 5
12 76488 3 4215 5
12 76488 3 4224 6
12 76488 3 4232 6
12 76488 3 4243 8
12 31230 3 4398 7
12 81957 3 4777 5
12 15702 3 4875 8
13 87066 3 2391 6
14 17034 3 6 6
14 36003 3 812 5
19 17034 3 1 18
19 17034 3 20 8
19 38115 3 33 10
19 21864 3 51 5
19 38115 3 67 11
19 17034 3 68 5
19 17034 3 77 10
19 38115 3 79 20
19 38115 3 105 5
19 38115 3 111 7
19 17034 3 114 6
19 38115 3 134 18
19 17034 3 136 10
19 17034 3 152 20
19 38115 3 154 8
19 21864 3 156 7
19 38115 3 163 9
19 17034 3 173 7
19 38115 3 173 9
19 21864 3 180 12
19 17034 3 187 10
19 21864 3 195 7
19 38115 3 198 12
19 17034 3 199 7
19 17034 3 207 8
19 15432 3 230 5
19 21864 3 274 7
19 59640 3 290 5
19 21864 3 291 6
19 38115 3 301 8
19 17034 3 304 7
19 21864 3 310 6
19 38115 3 310 5
19 21864 3 333 8
19 83970 3 380 15
19 2448 3 388 5
19 83970 3 411 11
19 83970 3 423 9
19 88563 3 425 6
19 55383 3 430 13
19 83970 3 435 9
19 17034 3 444 5
19 55383 3 445 9
19 55383 3 455 6
19 88563 3 455 11
19 83970 3 458 7
19 55383 3 465 6
19 83970 3 466 5
19 83970 3 472 6
19 17034 3 479 5
19 26880 3 483 14
19 26880 3 507 18
19 88563 3 507 6
19 88563 3 515 7
19 26880 3 528 16
19 55383 3 550 6
19 26880 3 551 7
19 26880 3 559 11
19 55383 3 567 5
19 26880 3 571 5
19 24429 3 582 9
19 24429 3 599 5
19 24429 3 616 5
19 55383 3 623 7
19 55383 3 631 9
19 55383 3 641 23
19 24429 3 643 19
19 24429 3 669 5
19 55383 3 671 9
19 36003 3 673 5
19 36003 3 679 22
19 55383 3 681 11
19 55383 3 693 13
19 55383 3 749 7
19 24429 3 750 9
19 24429 3 764 14
19 55383 3 764 12
19 55383 3 780 8
19 36003 3 791 16
19 55383 3 795 7
19 55383 3 803 16
19 36003 3 825 8
19 55383 3 825 11
19 24429 3 832 14
19 55383 3 850 5
19 25611 3 854 11
19 55383 3 856 6
19 55383 3 868 23
19 558 3 876 12
19 24429 3 883 51
19 558 3 944 15
19 24429 3 946 10
19 558 3 960 7
19 558 3 969 17
19 24429 3 970 21
19 24429 3 1004 6
19 24429 3 1011 23
19 558 3 1012 8
19 558 3 1027 13
19 92226 3 1032 5
19 558 3 1042 22
19 558 3 1069 5
19 24429 3 1069 7
19 558 3 1075 8
19 92226 3 1075 11
19 24429 3 1078 5
19 558 3 1084 45
19 92226 3 1095 6
19 558 3 1134 6
19 558 3 1141 20
19 70755 3 1177 5
19 88935 3 1196 5
19 70755 3 1204 10
19 92226 3 1205 7
19 92226 3 1253 5
19 35079 3 1266 5
19 88935 3 1271 11
19 35079 3 1272 14
19 88935 3 1283 5
19 92226 3 1286 9
19 35079 3 1288 5
19 88935 3 1289 5
19 88935 3 1321 6
19 35079 3 1324 10
19 35079 3 1336 8
19 92226 3 1338 13
19 92226 3 1352 6
19 92226 3 1359 7
19 273 3 1364 8
19 273 3 1373 8
19 92226 3 1380 5
19 273 3 1406 5
19 92226 3 1413 5
19 92226 3 1424 9
19 35079 3 1428 26
19 35079 3 1455 12
19 28389 3 1466 14
19 35079 3 1468 8
19 35079 3 1477 12
19 28389 3 1482 16
19 92226 3 1498 5
19 92226 3 1515 17
19 21864 3 1538 28
19 92226 3 1549 20
19 21864 3 1567 9
19 87066 3 1603 14
19 87066 3 1625 19
19 28389 3 1627 13
19 28389 3 1641 10
19 87066 3 1648 5
19 47844 3 1662 6
19 47844 3 1669 6
19 21864 3 1683 5
19 273 3 1686 10
19 21864 3 1692 9
19 273 3 1697 9
19 273 3 1731 33
19 21864 3 1736 7
19 14700 3 1747 10
19 21864 3 1749 6
19 14700 3 1777 9
19 14700 3 1787 5
19 14700 3 1797 6
19 35079 3 1819 9
19 89775 3 1826 6
19 87066 3 1844 8
19 89775 3 1872 25
19 87066 3 1880 17
19 14700 3 1891 5
19 87066 3 1899 13
19 89775 3 1902 6
19 14700 3 1912 6
19 89775 3 1913 6
19 14700 3 1919 8
19 87066 3 1919 7
19 89775 3 1925 5
19 87066 3 1930 14
19 89775 3 1944 5
19 14700 3 1947 7
19 87066 3 1948 7
19 14700 3 1956 9
19 87066 3 1958 8
19 87066 3 1968 6
19 36003 3 1971 23
19 87066 3 1979 5
19 87066 3 2001 5
19 87066 3 2007 6
19 89775 3 2010 14
19 87066 3 2019 6
19 87066 3 2039 9
19 87066 3 2053 5
19 89775 3 2063 30
19 89775 3 2101 9
19 10518 3 2106 6
19 89775 3 2111 47
19 10518 3 2113 34
19 21864 3 2161 12
19 89775 3 2178 7
19 89775 3 2189 18
19 42288 3 2217 9
19 89775 3 2219 15
19 42288 3 2246 9
19 89775 3 2259 5
19 87066 3 2261 7
19 89775 3 2265 11
19 89775 3 2279 5
19 89775 3 2285 25
19 89775 3 2311 5
19 6774 3 2316 8
19 89775 3 2337 22
19 87066 3 2356 9
19 89775 3 2368 8
19 89775 3 2378 5
19 89775 3 2384 16
19 2775 3 2386 7
19 2775 3 2394 6
19 89775 3 2401 21
19 70755 3 2413 5
19 70755 3 2419 6
19 89775 3 2423 14
19 2775 3 2424 6
19 70755 3 2426 8
19 2775 3 2431 16
19 89775 3 2465 12
19 89775 3 2484 5
19 89775 3 2491 23
19 42288 3 2527 12
19 2775 3 2531 5
19 42288 3 2540 11
19 2775 3 2543 7
19 42288 3 2552 6
19 42288 3 2559 5
19 2775 3 2565 18
19 42288 3 2572 6
19 2775 3 2588 11
19 42288 3 2596 7
19 2775 3 2600 9
19 87066 3 2608 5
19 2775 3 2610 7
19 42288 3 2610 5
19 87066 3 2629 14
19 63315 3 2630 14
19 28389 3 2643 5
19 63315 3 2647 6
19 2775 3 2655 7
19 63315 3 2661 5
19 2775 3 2667 17
19 63315 3 2667 19
19 2775 3 2685 12
19 28389 3 2695 11
19 63315 3 2710 8
19 63315 3 2720 5
19 63315 3 2726 5
19 2775 3 2737 16
19 63315 3 2738 24
19 53067 3 2758 8
19 2775 3 2761 10
19 63315 3 2763 11
19 53067 3 2777 5
19 63315 3 2784 51
19 53067 3 2787 8
19 53067 3 2797 7
19 53067 3 2806 5
19 2775 3 2817 7
19 63315 3 2841 12
19 2775 3 2851 6
19 2775 3 2858 10
19 63315 3 2865 7
19 2775 3 2873 10
19 63315 3 2873 41
19 2775 3 2891 31
19 63315 3 2915 5
19 2775 3 2923 10
19 2775 3 2934 7
19 63315 3 2934 15
19 82818 3 2950 10
19 63315 3 2962 6
19 28389 3 2963 8
19 82818 3 2966 6
19 28389 3 2973 7
19 28389 3 2981 25
19 2775 3 2994 13
19 63315 3 3017 15
19 2775 3 3021 6
19 2775 3 3032 6
19 63315 3 3033 7
19 63315 3 3043 7
19 65601 3 3050 5
19 63315 3 3051 6
19 63315 3 3058 14
19 2775 3 3066 6
19 2775 3 3073 19
19 63315 3 3073 20
19 2775 3 3094 7
19 63315 3 3094 23
19 65601 3 3095 7
19 65601 3 3103 14
19 65601 3 3125 7
19 65601 3 3147 6
19 50880 3 3153 10
19 50880 3 3167 15
19 28389 3 3183 6
19 50880 3 3185 29
19 28389 3 3215 12
19 50880 3 3215 39
19 65601 3 3224 6
19 65601 3 3246 8
19 50880 3 3258 5
19 28389 3 3264 5
19 50880 3 3266 7
19 65601 3 3267 6
19 65601 3 3274 8
19 50880 3 3277 9
19 28389 3 3287 5
19 50880 3 3294 5
19 50880 3 3313 15
19 50880 3 3329 11
19 50880 3 3341 8
19 63315 3 3358 13
19 63315 3 3372 15
19 65601 3 3378 6
19 68118 3 3383 6
19 63315 3 3389 13
19 65601 3 3427 11
19 68118 3 3469 8
19 68118 3 3478 22
19 65601 3 3489 7
19 65601 3 3500 5
19 55950 3 3510 8
19 68118 3 3525 6
19 55950 3 3530 6
19 50880 3 3533 24
19 65601 3 3542 6
19 65601 3 3549 5
19 55950 3 3552 5
19 50880 3 3563 6
19 50880 3 3581 8
19 65601 3 3597 9
19 55950 3 3610 11
19 26592 3 3626 5
19 89100 3 3632 7
19 50880 3 3634 5
19 50880 3 3640 21
19 26592 3 3643 9
19 26592 3 3653 7
19 26592 3 3665 16
19 50880 3 3667 7
19 50880 3 3675 32
19 89100 3 3690 5
19 26592 3 3699 8
19 50880 3 3708 6
19 89100 3 3708 8
19 50880 3 3720 19
19 50880 3 3740 8
19 26592 3 3742 5
19 50880 3 3753 9
19 50880 3 3763 7
19 26592 3 3774 5
19 3831 3 3781 8
19 50880 3 3793 8
19 50880 3 3802 5
19 66963 3 3835 8
19 3831 3 3847 15
19 66963 3 3865 12
19 3831 3 3874 10
19 3831 3 3885 5
19 3831 3 3900 31
19 61686 3 3905 6
19 61686 3 3912 6
19 3831 3 3933 16
19 61686 3 3939 6
19 61686 3 3950 14
19 3831 3 3953 5
19 3831 3 3962 5
19 3831 3 3974 5
19 3831 3 3980 9
19 83733 3 4013 9
19 52449 3 4031 5
19 83733 3 4031 13
19 52449 3 4042 7
19 83733 3 4045 5
19 83733 3 4051 10
19 69669 3 4052 5
19 83733 3 4062 15
19 69669 3 4074 9
19 69669 3 4084 6
19 83733 3 4085 19
19 69669 3 4098 21
19 83733 3 4105 5
19 83733 3 4116 5
19 69669 3 4120 26
19 83733 3 4122 6
19 83733 3 4129 10
19 83733 3 4150 12
19 69669 3 4152 6
19 69669 3 4160 6
19 27387 3 4176 5
19 69669 3 4180 5
19 66963 3 4207 5
19 84489 3 4214 17
19 27387 3 4250 20
19 83733 3 4254 20
19 66963 3 4282 17
19 52449 3 4288 7
19 66963 3 4316 6
19 52449 3 4319 5
19 66963 3 4337 11
19 52449 3 4355 9
19 69669 3 4377 5
19 69669 3 4383 10
19 66963 3 4395 5
19 69669 3 4418 7
19 52449 3 4420 5
19 27387 3 4422 6
19 27387 3 4438 5
19 27387 3 4463 8
19 52449 3 4463 15
19 27387 3 4472 12
19 52449 3 4495 7
19 27387 3 4502 17
19 52449 3 4516 19
19 27387 3 4525 8
19 68709 3 4555 8
19 52449 3 4562 11
19 21864 3 4563 5
19 21864 3 4571 5
19 87765 3 4587 5
19 87765 3 4593 31
19 27387 3 4608 5
19 21864 3 4621 19
19 87765 3 4631 8
19 87765 3 4640 7
19 21864 3 4642 11
19 87765 3 4648 31
19 21864 3 4659 6
19 21864 3 4681 5
19 69669 3 4684 5
19 21864 3 4692 7
19 21864 3 4702 5
19 69669 3 4726 12
19 27387 3 4727 6
19 27387 3 4748 21
19 69669 3 4749 7
19 35583 3 4818 5
19 61686 3 4845 19
19 69669 3 4846 12
19 35583 3 4852 10
19 69669 3 4859 19
19 76488 3 4877 14
19 69669 3 4886 10
19 76488 3 4895 10
