34768
0.017257248044178556
0.020133456051541647
0.06040036815462494
0.06040036815462494
0.04601932811780948
0.0747814081914404
0.08916244822825586
0.12655315232397607
0.12655315232397607
0.12655315232397607
0.16394385641969628
0.15819144040497007
0.1524390243902439
0.20708697653014269
0.18407731247123793
0.21283939254486883
0.24447768062586284
0.2214680165669581
0.3048780487804878
0.28186838472158304
0.3480211688909342
0.3077542567878509
0.39116428900138056
0.33651633686148186
0.3825356649792913
0.4170501610676484
0.3767832489645651
0.4170501610676484
0.4400598251265531
0.4486884491486425
0.41417395306028537
0.4918315692590888
0.5090888173032674
0.5004601932811781
0.4889553612517257
0.5205936493327197
0.5608605614358031
0.5809940174873447
0.526346065347446
0.6126323055683387
0.5867464335020709
0.6011274735388863
0.6385181776346066
0.6557754256787851
0.6068798895536126
0.6442705936493327
0.5809940174873447
0.6500230096640589
0.6557754256787851
0.6442705936493327
0.6442705936493327
0.6298895536125173
0.6298895536125173
0.6759088817303267
0.684537505752416
0.652899217671422
0.6040036815462494
0.7046709618039577
0.6500230096640589
0.6270133456051542
0.6644040497008743
0.6068798895536126
0.7190520018407731
0.6989185457892314
0.6155085135757018
0.5867464335020709
0.6241371375977911
0.6068798895536126
0.6413943856419696
0.6212609295904279
0.6442705936493327
0.5666129774505292
0.6385181776346066
0.6212609295904279
0.5666129774505292
0.5637367694431661
0.6500230096640589
0.5809940174873447
0.49758398527381503
0.55798435342844
0.5234698573400828
0.5205936493327197
0.5608605614358031
0.45731707317073167
0.5234698573400828
0.5177174413253567
0.589622641509434
0.49758398527381503
0.5234698573400828
0.5119650253106305
0.5493557294063507
0.5320984813621721
0.5867464335020709
0.5378508973768983
0.465945697192821
0.5177174413253567
0.4774505292222734
0.5551081454210768
0.526346065347446
0.5320984813621721
0.5867464335020709
0.5809940174873447
0.589622641509434
0.6298895536125173
0.5838702254947078
0.5924988495167971
0.7420616658996779
0.7104233778186838
0.7650713299585826
0.7823285780027611
0.8801196502531062
0.8829958582604694
0.8456051541647491
0.8542337781868384
1.0037965945697194
1.052692130694892
1.0469397146801656
0.9951679705476301
1.1274735388863322
1.2223884031293142
1.0929590427979752
1.1936263230556834
1.3115508513575702
1.3805798435342844
1.3863322595490106
1.495628163828808
1.429475379659457
1.3230556833870226
1.524390243902439
1.400713299585826
1.3863322595490106
1.3978370915784628
1.3978370915784628
1.2281408191440406
1.3115508513575702
1.1217211228716062
1.0498159226875288
1.052692130694892
0.9807869305108146
0.9836631385181775
0.7938334100322136
0.7938334100322136
0.7190520018407731
0.7420616658996779
0.6413943856419696
0.55798435342844
0.55798435342844
0.5349746893695352
0.465945697192821
0.41417395306028537
0.373907040957202
0.39979291302346986
0.31638288080994015
0.3393925448688449
0.27899217671422
0.28474459272894614
0.24735388863322597
0.22434422457432124
0.19558214450069028
0.20421076852277956
0.18407731247123793
0.15531523239760697
0.1524390243902439
0.12942936033133917
0.12655315232397607
0.12367694431661298
0.07765761619880349
0.09491486424298205
0.06040036815462494
0.05464795213989876
0.07765761619880349
0.04889553612517257
0.05177174413253567
0.0373907040957202
0.0373907040957202
0.014381040036815462
0.040266912103083294
0.01150483202945237
0.005752416014726185
0.008628624022089278
