8611
4
0
1
5
5
4
6
8
13
10
16
14
16
14
13
17
17
20
31
28
28
27
38
32
34
28
25
35
37
36
28
44
43
51
47
40
58
43
22
53
53
45
59
60
56
64
56
65
44
62
57
54
65
57
63
60
62
56
54
48
58
47
66
55
54
54
56
48
54
66
53
44
51
46
51
56
59
65
35
63
48
38
41
37
50
53
48
43
42
38
41
51
52
52
30
52
41
37
39
54
53
57
44
59
56
57
70
59
59
76
73
72
74
79
88
96
87
97
97
109
101
94
117
108
117
122
122
112
128
111
114
111
117
120
97
79
86
91
97
87
72
67
61
64
59
40
60
61
39
34
36
33
27
25
20
30
23
19
21
14
22
11
11
11
5
7
8
4
8
3
5
5
3
1
2
3
3
0
1
1
