85304
0.0
0.0
0.0
0.0
0.0
0.0
0.0011722779705523774
0.0
0.0
0.0
0.0011722779705523774
0.0
0.002344555941104755
0.0011722779705523774
0.003516833911657132
0.0
0.00468911188220951
0.0011722779705523774
0.0011722779705523774
0.002344555941104755
0.003516833911657132
0.002344555941104755
0.0011722779705523774
0.0
0.00468911188220951
0.002344555941104755
0.00468911188220951
0.0
0.0011722779705523774
0.00468911188220951
0.003516833911657132
0.0011722779705523774
0.00468911188220951
0.003516833911657132
0.007033667823314264
0.007033667823314264
0.003516833911657132
0.00468911188220951
0.00468911188220951
0.00468911188220951
0.00468911188220951
0.007033667823314264
0.002344555941104755
0.00468911188220951
0.012895057676076151
0.008205945793866642
0.008205945793866642
0.008205945793866642
0.007033667823314264
0.010550501734971397
0.011722779705523774
0.015239613617180906
0.012895057676076151
0.005861389852761887
0.02227328144049517
0.015239613617180906
0.024617837381599925
0.015239613617180906
0.01758416955828566
0.011722779705523774
0.01758416955828566
0.025790115352152303
0.019928725499390416
0.030479227234361812
0.019928725499390416
0.02227328144049517
0.026962393322704677
0.028134671293257058
0.021101003469942793
0.024617837381599925
0.03985745099878083
0.026962393322704677
0.03516833911657132
0.029306949263809435
0.04923567476319985
0.05392478664540935
0.03282378317546657
0.051580230704304605
0.056269342586514115
0.0726812341742474
0.07502579011535215
0.06916440026259027
0.08557629185032355
0.08909312576198068
0.12426146487855201
0.10198818343805684
0.12308918690799964
0.13012285473131388
0.1348119666135234
0.14653474631904717
0.18756447528838038
0.1711525837006471
0.16880802775954235
0.2438338178748945
0.21687142455218983
0.25203976366876113
0.26727937728594203
0.25790115352152304
0.2907249366969896
0.25555659758041827
0.2637625433742849
0.3411328894307418
0.3469942792835037
0.3622338929006846
0.406780455781675
0.4044358998405702
0.49939041545531276
0.49939041545531276
0.5849667073056364
0.6072399887461315
0.7268123417424739
0.7854262402700929
0.9003094813842258
1.0058144987339397
1.1687611366407202
1.2695770421082249
1.4313514020444527
1.5450623651880335
1.943636875175842
2.1241676826409077
2.17457563537466
2.494607521335459
2.637625433742849
2.8498077464128295
3.0174434962018193
3.214386195254619
3.2788614836349996
3.3609209415736663
3.4511863453061986
3.385538778955266
3.3491981618681423
3.3632654975147704
3.241348588577323
3.093641564287724
2.955312763762543
2.8427740785895153
2.6458313795367157
2.3656569445746976
2.10541123511207
1.997561661821251
1.8076526305917657
1.6540842164494043
1.4336959579855575
1.329363218606396
1.1500046891118823
1.046844227703273
0.9858857732345494
0.9049985932664354
0.7584638469473882
0.7127450060958455
0.6271687142455219
0.6224796023633123
0.5322141986307793
0.5451092563068555
0.49587358154365563
0.4478101847510081
0.4407765169276939
0.4267091812810654
0.4196755134577511
0.3575447810184751
0.35402794710681795
0.35168339116571323
0.33644377754853233
0.3071368282847229
0.28603582481478007
0.301275438431961
0.2661070993153897
0.24031698396323736
0.21921598049329458
0.2004595329644565
0.1711525837006471
0.1805308074650661
0.16294663790678043
0.1406733564662853
0.10667729532026635
0.08909312576198068
0.07502579011535215
0.04454656288099034
0.02227328144049517
0.012895057676076151
