21324
0
0
0
0
0
0
0
0
0
0
0
0
0
0
1
0
2
0
0
1
1
0
0
0
1
0
1
0
0
1
2
0
2
1
2
2
0
1
2
0
0
0
1
1
4
0
1
1
1
4
1
5
3
1
3
4
7
3
5
1
2
6
4
4
4
5
4
7
3
3
13
4
6
8
10
10
6
11
14
13
15
18
20
19
33
28
27
24
31
33
44
34
38
53
42
60
62
60
56
51
63
71
82
78
76
75
109
93
139
135
168
150
198
227
249
281
320
331
417
460
454
492
542
630
646
700
674
749
741
742
696
683
645
679
619
582
584
520
455
440
369
361
320
302
237
213
229
185
143
150
138
123
106
113
97
105
98
91
89
72
80
85
71
64
63
56
56
58
52
38
32
47
33
21
17
24
17
14
8
1
