21321
0
0
0
0
0
0
1
0
0
0
1
0
0
0
1
0
0
0
0
0
1
0
1
0
0
1
1
0
0
2
0
1
1
1
2
1
1
1
0
0
1
0
0
1
1
3
3
3
2
1
3
3
2
3
4
3
10
4
4
1
9
8
3
4
5
2
6
4
7
3
6
5
9
5
9
14
8
11
6
18
21
13
19
20
29
11
26
26
36
26
31
38
30
53
44
48
54
57
63
51
47
72
66
70
87
76
102
109
110
133
141
171
179
222
257
277
337
322
423
460
496
548
568
609
631
692
689
679
744
713
711
695
710
665
633
615
565
486
442
454
391
346
304
282
239
234
196
194
184
160
133
139
106
124
104
96
85
97
87
74
77
76
56
68
73
68
59
47
44
41
37
28
40
37
30
20
21
5
1
5
