0.05 0.0
0.15000000000000002 0.0
0.25 0.0
0.35000000000000003 0.0
0.45 0.0
0.55 0.0
0.65 0.0
0.75 0.0
0.8500000000000001 0.0
0.9500000000000001 0.0
1.05 0.0
1.1500000000000001 0.0
1.25 0.0
1.35 0.0
1.4500000000000002 0.0
1.55 0.0
1.6500000000000001 0.0
1.75 0.0
1.85 0.0
1.9500000000000002 0.0
2.0500000000000003 0.0
2.15 0.0
2.25 0.0
2.35 0.0
2.45 0.17993020745313412
2.5500000000000003 1.6176356386150517
2.6500000000000004 3.336767658693058
2.75 2.4713743430737862
2.85 1.6592671877366714
2.95 0.9335319555525181
3.0500000000000003 0.5754862775229822
3.1500000000000004 0.5821249776641299
3.25 0.43126027208473633
3.35 0.4184531496534066
3.45 0.4182211313850466
3.5500000000000003 0.577583766217583
3.6500000000000004 0.5322709406738455
3.75 0.5510162113195031
3.85 0.7001887066092815
3.95 0.7133450670952269
4.05 0.8245729433170285
4.15 0.7825883755591767
4.25 0.8475950398447399
4.3500000000000005 0.9778388434453231
4.45 0.9320151147433546
4.55 0.9640895118745509
4.65 1.066418208181845
4.75 1.0490494969139341
4.8500000000000005 0.9603176620358971
4.95 0.923826834245158
5.050000000000001 0.9004935670341091
5.15 0.8375326380038562
5.25 0.8757902068084078
5.3500000000000005 0.9057066830038745
5.45 0.880681166501899
5.550000000000001 0.8568549358773481
5.65 0.8341487992259294
5.75 0.8863528733209042
5.8500000000000005 0.9125738940266958
5.95 0.8675655472116517
6.050000000000001 0.9469006785389938
6.15 0.9262916093617105
6.25 0.920933291441585
6.3500000000000005 0.9247679700563098
6.45 0.9854958913651763
6.550000000000001 0.9468774516151136
6.65 0.9844574785381469
6.75 1.006011700026211
6.8500000000000005 0.9448260116570085
6.95 1.0160331818734083
7.050000000000001 0.9354452668058413
7.15 1.005001851628105
7.25 0.9667475165092448
7.3500000000000005 0.9884342600740381
7.45 0.9984622369599204
7.550000000000001 0.8939190421893906
7.65 0.9316909309216759
7.75 0.9461165566393551
7.8500000000000005 0.988469998422284
7.95 0.9697040979496552
8.05 0.9892453296719935
8.15 0.9057266914262805
8.25 0.968774270951447
8.35 1.007005294043178
8.450000000000001 0.9859430934922028
8.55 1.011840551703414
8.65 0.9603357174549031
8.75 1.015799985235004
8.85 1.0055660522359553
8.950000000000001 0.969149927519301
9.05 0.9902833180102463
9.15 1.0181196540640531
9.25 0.9770145014187447
9.35 1.0051135522118928
9.450000000000001 1.0165596962371237
9.55 1.0386372389894565
9.65 1.0222660511679427
9.75 1.0127669615029247
9.850000000000001 1.0373246128815443
9.950000000000001 0.9772059577317334
