21350
0
0
0
0
0
0
0
0
0
0
0
0
2
1
1
0
2
1
1
1
1
0
0
0
3
1
1
0
0
1
0
0
0
0
1
1
1
2
1
3
2
4
0
1
2
1
2
1
2
2
4
3
5
1
6
3
1
4
5
5
1
4
6
10
4
7
6
10
4
6
5
8
11
8
12
11
8
13
11
17
15
17
15
17
27
19
31
27
18
31
46
36
36
56
59
55
55
52
79
50
51
77
79
75
112
91
108
116
113
125
147
183
196
217
244
264
282
348
400
450
454
540
575
584
700
672
727
730
742
674
685
722
713
637
655
600
570
506
446
387
372
394
313
273
241
220
202
188
172
149
140
134
126
111
101
94
89
79
94
78
78
57
89
59
52
68
57
54
41
48
42
35
33
29
20
15
10
7
4
3
