21309
0
0
0
0
0
0
0
0
0
0
0
0
0
0
0
0
0
0
0
0
0
2
0
0
0
0
1
0
1
0
1
0
1
1
1
2
1
0
1
1
1
2
1
1
4
3
1
2
1
2
2
2
1
0
6
3
3
2
1
3
3
4
4
8
4
5
7
3
4
9
10
6
4
4
11
11
6
9
17
14
13
11
19
20
17
29
21
34
30
35
39
38
40
46
40
52
57
51
50
66
64
71
69
86
72
103
107
108
137
125
164
166
195
192
247
261
282
317
418
442
451
548
565
608
597
678
707
709
717
759
765
769
697
658
614
628
538
506
453
423
410
310
286
277
264
226
214
205
148
149
124
135
116
117
121
87
104
97
88
81
67
82
71
71
56
65
55
46
50
44
35
44
33
33
24
17
16
12
6
2
