0.05 0.0
0.15000000000000002 0.0
0.25 0.0
0.35000000000000003 0.0
0.45 0.0
0.55 0.0
0.65 0.0
0.75 0.0
0.8500000000000001 0.0
0.9500000000000001 0.0
1.05 0.0
1.1500000000000001 0.0
1.25 0.0
1.35 0.0
1.4500000000000002 0.0
1.55 0.0
1.6500000000000001 0.0
1.75 0.0
1.85 0.0
1.9500000000000002 0.0
2.0500000000000003 0.0
2.15 0.0
2.25 0.0
2.35 0.0021257268480431805
2.45 0.19753207557354943
2.5500000000000003 1.655548973895092
2.6500000000000004 3.239807476226025
2.75 2.6126400875585314
2.85 1.5884448077723015
2.95 0.8134678745638271
3.0500000000000003 0.5956787784887009
3.1500000000000004 0.4993023182403715
3.25 0.39791540568643197
3.35 0.37870010043633295
3.45 0.4921989258517412
3.5500000000000003 0.5449782310278807
3.6500000000000004 0.5639956987272535
3.75 0.5835762601702009
3.85 0.6502883802332806
3.95 0.7291470147840453
4.05 0.807394340331257
4.15 0.8166732351218586
4.25 0.9073946898951357
4.3500000000000005 0.9145523193137096
4.45 0.9296435750111832
4.55 0.9884753054102013
4.65 1.0332962577240585
4.75 1.0927598926186817
4.8500000000000005 0.9658080436795535
4.95 0.9156810582170626
5.050000000000001 0.8687276896694088
5.15 0.8720609391477785
5.25 0.8694006868171014
5.3500000000000005 0.8700198707659501
5.45 0.8842386757023106
5.550000000000001 0.8789624030841479
5.65 0.854377275397634
5.75 0.8895488572391286
5.8500000000000005 0.8865003541973616
5.95 0.876188140570789
6.050000000000001 0.9382400016011371
6.15 0.938087548086826
6.25 0.9573017406140497
6.3500000000000005 0.9664058226123717
6.45 0.9620720199495665
6.550000000000001 0.9742438519508104
6.65 0.9557839597457737
6.75 0.9853967061732147
6.8500000000000005 0.9685967932002859
6.95 0.9781142401575587
7.050000000000001 0.9687527876693827
7.15 0.9831839412294142
7.25 0.970768185478091
7.3500000000000005 0.9658315417258192
7.45 0.9739237582549732
7.550000000000001 0.9369672172625664
7.65 0.9489444666794846
7.75 0.957454317028835
7.8500000000000005 0.9602715481974387
7.95 0.9572577043552823
8.05 0.9560893048862839
8.15 0.9652953672675484
8.25 0.9546290625792926
8.35 0.9930284647111403
8.450000000000001 0.9819966901826941
8.55 0.9924067887262531
8.65 0.9926607432385158
8.75 1.0125796048470308
8.85 1.0072150126674693
8.950000000000001 1.000516848948389
9.05 1.0133631695156964
9.15 1.0144734955233279
9.25 1.0136525452219476
9.35 1.002964725804171
9.450000000000001 0.9973644407210063
9.55 1.0324579396003275
9.65 1.0164663177745379
9.75 1.0074561103633364
9.850000000000001 1.0183255503264346
9.950000000000001 0.9959436447853274
