6326
0
0
0
0
1
1
0
3
2
0
1
2
3
0
0
3
2
3
1
2
4
1
3
4
7
5
2
4
7
6
4
8
8
6
9
5
6
4
3
11
12
11
8
11
11
11
8
10
12
11
21
15
14
19
18
11
21
15
20
14
17
20
18
23
16
16
19
32
32
22
26
21
19
23
27
26
30
23
31
34
29
30
22
16
31
45
38
38
40
40
38
38
36
48
35
35
29
45
52
45
37
46
57
45
63
44
63
56
66
68
82
71
84
91
103
96
98
105
100
106
117
118
104
113
118
140
124
130
122
107
114
108
111
109
92
114
105
94
92
87
80
66
75
67
60
57
54
43
39
28
33
31
41
30
20
35
27
23
23
20
14
22
18
11
17
12
16
11
5
4
7
8
4
4
4
1
2
3
1
1
