6468
0
1
0
0
1
1
1
1
0
1
4
0
1
3
3
1
1
1
5
5
2
3
0
3
1
5
7
5
6
5
0
10
7
10
5
14
7
3
11
12
7
5
8
15
8
12
7
11
7
16
7
15
16
10
9
16
16
18
9
18
27
11
18
19
19
21
22
19
33
29
19
24
26
25
21
30
29
28
26
40
30
30
32
44
31
37
32
49
37
34
43
33
34
46
40
31
40
39
59
42
47
65
57
45
56
64
68
67
64
95
67
73
81
89
92
79
90
99
85
113
121
103
123
126
110
113
113
116
112
132
151
114
112
119
118
107
90
101
99
88
100
83
70
66
53
62
59
52
44
50
45
27
38
40
24
27
28
23
12
22
20
19
20
8
7
15
8
11
8
6
3
6
10
5
2
1
2
1
1
1
