0.05 0.0
0.15000000000000002 0.0
0.25 0.0
0.35000000000000003 0.0
0.45 0.0
0.55 0.0
0.65 0.0
0.75 0.0
0.8500000000000001 0.0
0.9500000000000001 0.0
1.05 0.0
1.1500000000000001 0.0
1.25 0.0
1.35 0.0
1.4500000000000002 0.0
1.55 0.0
1.6500000000000001 0.0
1.75 0.0
1.85 0.0
1.9500000000000002 0.0
2.0500000000000003 0.0
2.15 0.0
2.25 0.0
2.35 0.0
2.45 0.04718009143024202
2.5500000000000003 0.40649199566790456
2.6500000000000004 0.8737758904099485
2.75 1.0610495514321436
2.85 1.1622397027200917
2.95 0.8244379158184358
3.0500000000000003 0.5784505727880517
3.1500000000000004 0.6279373808025024
3.25 0.5183904481561188
3.35 0.41219640517052053
3.45 0.53141791212667
3.5500000000000003 0.5618311601816047
3.6500000000000004 0.6377634075496564
3.75 0.6444851930096489
3.85 0.6369188566514197
3.95 0.6958416746118762
4.05 0.7194620390999955
4.15 0.7893602755876835
4.25 0.8519609510079437
4.3500000000000005 0.9379726849382178
4.45 0.9010595377797594
4.55 0.966775348530219
4.65 1.02606577238983
4.75 1.205089243303756
4.8500000000000005 1.1518953246943224
4.95 1.0904135736834009
5.050000000000001 1.0513598172398342
5.15 1.0714412778863738
5.25 0.9762096678264917
5.3500000000000005 0.9928331487296931
5.45 0.9090563937619287
5.550000000000001 0.8980486955632039
5.65 0.8931588211023461
5.75 0.9080514703681608
5.8500000000000005 0.97934571463207
5.95 0.8480333805274254
6.050000000000001 0.8872944954939704
6.15 0.7837902007896914
6.25 0.8676710963690261
6.3500000000000005 0.9108002831286498
6.45 0.860084385021584
6.550000000000001 0.924247397499901
6.65 0.9051996215755165
6.75 0.93452523823507
6.8500000000000005 0.9416445100429834
6.95 0.8991056183446808
7.050000000000001 0.9592589152585849
7.15 0.943695140819749
7.25 0.996873534351271
7.3500000000000005 0.9402230194820312
7.45 0.9848939715639969
7.550000000000001 0.9391020491110844
7.65 0.9840808081520798
7.75 0.9698525567241846
7.8500000000000005 0.989731318478739
7.95 0.9649893404734169
8.05 1.000896966641803
8.15 1.02197013791602
8.25 1.0639277365642965
8.35 1.0589088863716454
8.450000000000001 0.9546599263768447
8.55 1.017698229244788
8.65 0.9665441560721295
8.75 0.9692408159892403
8.85 1.0173754791106777
8.950000000000001 1.0195194143117081
9.05 0.9844332525422852
9.15 1.0081403316649298
9.25 1.0317011085042216
9.35 1.0119107529380198
9.450000000000001 0.9715783378489138
9.55 0.9720416242248464
9.65 1.0158724672799229
9.75 0.9842164003398096
9.850000000000001 1.0052037773254938
9.950000000000001 1.0518545185510035
