1 10051 0 880 6
1 61969 0 1298 5
5 11785 0 180 6
5 25258 0 2407 5
5 1210 0 3192 5
6 2554 0 3754 5
11 81712 0 26 5
11 55612 0 27 7
11 55612 0 45 5
11 55612 0 52 8
11 55612 0 70 9
11 55612 0 81 5
11 55612 0 89 5
11 20827 0 112 13
11 55612 0 115 5
11 20827 0 132 9
11 15748 0 157 12
11 15748 0 174 13
11 55612 0 198 6
11 55612 0 206 9
11 55612 0 216 5
11 55612 0 222 7
11 55612 0 237 7
11 10165 0 241 15
11 55612 0 252 8
11 55612 0 261 5
11 55612 0 283 10
11 55612 0 294 6
11 55612 0 301 5
11 55612 0 310 30
11 55612 0 345 14
11 55612 0 360 14
11 10189 0 385 10
11 55612 0 385 8
11 10189 0 396 10
11 87949 0 404 6
11 10189 0 408 5
11 10189 0 414 9
11 87949 0 421 11
11 69799 0 427 5
11 87949 0 438 18
11 69799 0 448 13
11 87949 0 457 6
11 87949 0 473 9
11 87949 0 483 5
11 15748 0 495 18
11 15748 0 517 15
11 15748 0 537 7
11 87949 0 542 5
11 15748 0 554 5
11 15748 0 575 6
11 87949 0 578 9
11 15748 0 584 7
11 15748 0 616 8
11 15748 0 625 11
11 87949 0 636 5
11 87949 0 655 5
11 87949 0 664 5
11 15748 0 669 11
11 15748 0 681 16
11 87949 0 697 9
11 15748 0 698 9
11 87949 0 710 8
11 87949 0 723 6
11 87949 0 730 6
11 87949 0 738 8
11 15748 0 744 5
11 15748 0 753 8
11 15748 0 769 7
11 15748 0 778 15
11 15748 0 794 22
11 93532 0 813 11
11 15748 0 821 8
11 93532 0 844 13
11 15748 0 845 6
11 93532 0 858 5
11 93532 0 864 10
11 15748 0 869 12
11 93532 0 875 13
11 93532 0 899 8
11 93532 0 911 16
11 15748 0 918 6
11 19753 0 933 5
11 19753 0 939 5
11 19753 0 945 11
11 19753 0 958 8
11 93532 0 961 10
11 19753 0 968 8
11 19753 0 979 8
11 93532 0 983 11
11 19753 0 990 7
11 19753 0 1001 6
11 19753 0 1011 9
11 93532 0 1014 5
11 19753 0 1021 8
11 93532 0 1029 7
11 19753 0 1030 10
11 19753 0 1041 5
11 19753 0 1047 7
11 19753 0 1055 6
11 93532 0 1060 9
11 19753 0 1085 12
11 93532 0 1095 6
11 19753 0 1113 7
11 19753 0 1121 16
11 19753 0 1138 18
11 72073 0 1180 5
11 72073 0 1190 6
11 19753 0 1231 8
11 19753 0 1262 7
11 19753 0 1273 5
11 19753 0 1282 5
11 72073 0 1294 30
11 19753 0 1301 5
11 19753 0 1308 21
11 72073 0 1340 6
11 19753 0 1355 5
11 19753 0 1361 5
11 19753 0 1367 13
11 19753 0 1392 7
11 4573 0 1396 5
11 19753 0 1408 9
11 19753 0 1420 5
11 19753 0 1430 7
11 19753 0 1443 13
11 42214 0 1448 7
11 43915 0 1474 5
11 43915 0 1487 11
11 19753 0 1490 7
11 43915 0 1499 14
11 15247 0 1510 5
11 43915 0 1514 6
11 43915 0 1560 7
11 43915 0 1575 5
11 85423 0 1587 15
11 85423 0 1608 7
11 25258 0 1617 10
11 85423 0 1625 9
11 25258 0 1629 12
11 25258 0 1642 11
11 25258 0 1654 8
11 25258 0 1663 11
11 25258 0 1679 16
11 25258 0 1696 8
11 25258 0 1715 7
11 25258 0 1736 5
11 25258 0 1746 25
11 25258 0 1772 12
11 25258 0 1785 16
11 25258 0 1802 16
11 25258 0 1823 6
11 42214 0 1824 8
11 25258 0 1830 7
11 25258 0 1844 12
11 25258 0 1866 12
11 25258 0 1897 12
11 25258 0 1911 10
11 25258 0 1930 11
11 25258 0 1942 5
11 36337 0 1946 12
11 36337 0 1959 11
11 36337 0 1978 6
11 36337 0 1994 13
11 42214 0 2046 11
11 25258 0 2047 11
11 42214 0 2058 6
11 25258 0 2064 5
11 42214 0 2077 5
11 42214 0 2087 6
11 42214 0 2098 13
11 25258 0 2110 5
11 25258 0 2117 5
11 42214 0 2119 10
11 25258 0 2123 7
11 67915 0 2175 5
11 67915 0 2181 7
11 67915 0 2208 7
11 67915 0 2216 15
11 42214 0 2235 6
11 42214 0 2244 20
11 42214 0 2265 11
11 42214 0 2287 9
11 36799 0 2303 5
11 42214 0 2303 15
11 36799 0 2330 5
11 42214 0 2339 8
11 42214 0 2352 16
11 42214 0 2373 6
11 36799 0 2383 41
11 36799 0 2426 10
11 34066 0 2452 15
11 34066 0 2473 5
11 94888 0 2483 6
11 94888 0 2494 7
11 94888 0 2502 21
11 94888 0 2535 5
11 94888 0 2558 12
11 34066 0 2562 6
11 94888 0 2580 6
11 34066 0 2581 6
11 34066 0 2588 10
11 94888 0 2603 5
11 94888 0 2610 5
11 94888 0 2618 16
11 34066 0 2629 5
11 94888 0 2639 13
11 34066 0 2650 14
11 94888 0 2658 20
11 34066 0 2665 6
11 34066 0 2677 5
11 94888 0 2680 8
11 94888 0 2696 5
11 94888 0 2703 7
11 14992 0 2711 5
11 34066 0 2715 11
11 34066 0 2734 6
11 94888 0 2757 6
11 34066 0 2758 5
11 34066 0 2769 9
11 34066 0 2779 7
11 94888 0 2832 10
11 94888 0 2865 6
11 52045 0 2867 9
11 94888 0 2883 20
11 26347 0 2926 11
11 26347 0 2938 5
11 26347 0 2964 5
11 26347 0 2971 7
11 36337 0 2971 6
11 36337 0 2978 5
11 26347 0 2979 5
11 26347 0 2997 8
11 26347 0 3025 5
11 26347 0 3034 14
11 58525 0 3046 13
11 26347 0 3056 5
11 26347 0 3070 5
11 58525 0 3073 6
11 58525 0 3090 7
11 26347 0 3098 14
11 26347 0 3113 5
11 26347 0 3133 9
11 26347 0 3143 9
11 26347 0 3165 9
11 26347 0 3176 5
11 94888 0 3178 5
11 94888 0 3188 7
11 94888 0 3214 6
11 58525 0 3218 5
11 94888 0 3222 12
11 26347 0 3226 5
11 26347 0 3233 18
11 94888 0 3239 10
11 36799 0 3267 6
11 55612 0 3300 5
11 55612 0 3314 7
11 16336 0 3351 10
11 16336 0 3363 5
11 55612 0 3370 15
11 55612 0 3386 15
11 55612 0 3430 6
11 55612 0 3437 6
11 55612 0 3450 7
11 55612 0 3458 7
11 55612 0 3480 7
11 55612 0 3492 12
11 55612 0 3505 14
11 55612 0 3533 13
11 55612 0 3547 18
11 55612 0 3570 9
11 69706 0 3578 6
11 69706 0 3600 5
11 69706 0 3606 8
11 69706 0 3616 6
11 69706 0 3630 5
11 55612 0 3635 6
11 55612 0 3642 5
11 55612 0 3648 19
11 69706 0 3663 9
11 55612 0 3671 21
11 69706 0 3683 9
11 69706 0 3694 7
11 55612 0 3702 14
11 69706 0 3702 7
11 69706 0 3718 16
11 55612 0 3739 5
11 55612 0 3809 6
11 83296 0 3832 8
11 55612 0 3839 6
11 83296 0 3841 9
11 55612 0 3846 8
11 55612 0 3866 19
11 55612 0 3886 6
11 83296 0 3891 9
11 55612 0 3896 13
11 55612 0 3910 16
11 55612 0 3927 11
11 55612 0 3942 17
11 55612 0 3961 5
11 55612 0 3967 14
11 55612 0 3982 10
11 83416 0 4049 8
11 56113 0 4061 6
11 83416 0 4076 5
11 56113 0 4105 8
11 83416 0 4110 18
11 69706 0 4134 10
11 69706 0 4154 9
11 69706 0 4168 5
11 69706 0 4174 22
11 44056 0 4186 11
11 69706 0 4197 12
11 44056 0 4198 6
11 44056 0 4207 17
11 44056 0 4227 15
11 44056 0 4247 16
11 95446 0 4263 6
11 44056 0 4289 6
11 95446 0 4297 5
11 95446 0 4314 5
11 95446 0 4325 17
11 95446 0 4350 14
11 95446 0 4366 5
11 95446 0 4374 8
11 58342 0 4414 7
11 58342 0 4431 17
11 95446 0 4455 8
11 58342 0 4457 8
11 95446 0 4465 16
11 58342 0 4492 10
11 95446 0 4504 14
11 95446 0 4519 7
11 95446 0 4527 10
11 58342 0 4541 10
11 95446 0 4572 13
11 95446 0 4599 7
11 95446 0 4610 7
11 95446 0 4638 13
11 95446 0 4656 12
11 95446 0 4670 7
11 95446 0 4690 11
11 52045 0 4708 6
11 52045 0 4718 10
11 55612 0 4768 8
11 55612 0 4777 6
11 55612 0 4784 8
11 55612 0 4799 15
11 55612 0 4823 13
11 55612 0 4857 22
11 55612 0 4880 19
12 73228 0 489 6
12 73228 0 496 24
12 73228 0 521 6
12 90493 0 1170 6
12 90493 0 1201 32
12 90493 0 1241 6
12 90493 0 1257 6
12 80530 0 1401 14
12 80530 0 1418 5
12 80530 0 1425 8
12 80530 0 1472 5
12 80530 0 1535 5
12 80530 0 1541 20
12 80530 0 1566 8
12 80530 0 1585 6
12 80530 0 1630 9
12 80530 0 1640 5
12 80530 0 1695 17
12 80530 0 1713 18
12 80530 0 1732 7
12 41446 0 1881 8
12 41446 0 1914 5
12 80530 0 1948 22
12 80530 0 1972 7
12 80530 0 1980 5
12 80530 0 2131 6
12 80530 0 2138 14
12 40552 0 2225 9
12 40552 0 2237 6
12 10429 0 2439 6
12 10429 0 2490 8
12 10429 0 2501 11
12 51670 0 2710 8
12 82318 0 3069 6
12 34066 0 3508 5
12 34066 0 3517 10
12 34066 0 3536 7
12 2554 0 3660 7
12 2554 0 3707 6
12 2554 0 3747 21
12 2554 0 3771 5
12 2554 0 3844 5
12 2554 0 3851 15
12 2554 0 3870 9
12 36979 0 4153 5
12 36979 0 4203 8
12 36979 0 4326 6
12 36979 0 4414 6
12 36979 0 4421 5
12 36979 0 4428 5
12 36979 0 4444 8
12 36979 0 4668 10
12 36979 0 4679 15
12 36979 0 4714 9
12 36979 0 4732 12
12 6373 0 4807 10
13 20827 0 4715 5
14 82318 0 2800 5
14 41446 0 4739 5
18 82507 0 22 6
18 91744 0 32 8
18 82507 0 35 9
18 19753 0 83 5
18 60178 0 97 8
18 19753 0 103 6
18 60178 0 112 6
18 60178 0 156 11
18 60178 0 169 11
18 20485 0 188 7
18 60178 0 217 5
18 60178 0 231 7
18 60178 0 239 10
18 60178 0 261 15
18 60178 0 294 15
18 60178 0 322 7
18 60178 0 344 15
18 60178 0 362 5
18 60178 0 373 8
18 60178 0 391 6
18 60178 0 398 8
18 60178 0 407 8
18 19753 0 440 11
18 19753 0 452 10
18 19753 0 464 5
18 38617 0 480 6
18 13060 0 538 14
18 19753 0 558 7
18 13060 0 574 8
18 19753 0 580 8
18 19753 0 589 22
18 19753 0 623 6
18 19753 0 630 8
18 19753 0 643 7
18 19753 0 654 8
18 13060 0 683 5
18 13060 0 696 10
18 19753 0 736 9
18 80884 0 774 12
18 75160 0 779 11
18 75160 0 800 5
18 90493 0 825 8
18 90493 0 840 5
18 80884 0 847 5
18 80884 0 853 9
18 38617 0 876 12
18 80884 0 903 14
18 80884 0 918 12
18 80884 0 938 7
18 80884 0 967 10
18 72631 0 993 10
18 80884 0 1005 5
18 80884 0 1023 5
18 80884 0 1061 11
18 13606 0 1114 17
18 80884 0 1119 7
18 13606 0 1136 6
18 80884 0 1137 5
18 80884 0 1143 11
18 13606 0 1151 8
18 80884 0 1155 6
18 13606 0 1186 5
18 13606 0 1192 8
18 80884 0 1201 6
18 80884 0 1213 6
18 13606 0 1233 11
18 80884 0 1275 6
18 80884 0 1282 6
18 80884 0 1290 10
18 80884 0 1314 10
18 20485 0 1334 7
18 80884 0 1334 10
18 80530 0 1479 5
18 13606 0 1504 5
18 34663 0 1504 9
18 13606 0 1520 20
18 36337 0 1600 5
18 36337 0 1607 12
18 36337 0 1620 8
18 36337 0 1636 11
18 41446 0 1639 7
18 36337 0 1648 5
18 36337 0 1664 17
18 36337 0 1687 5
18 36337 0 1694 17
18 41446 0 1756 12
18 41446 0 1769 8
18 41446 0 1778 7
18 41446 0 1797 8
18 41446 0 1821 16
18 41446 0 1845 5
18 86392 0 1848 18
18 86392 0 1875 22
18 86392 0 1898 9
18 80530 0 1902 13
18 86392 0 1912 6
18 80530 0 1916 12
18 86392 0 1941 14
18 86392 0 1963 6
18 86392 0 1970 17
18 86392 0 2042 8
18 36337 0 2051 6
18 36337 0 2086 15
18 36337 0 2102 9
18 36337 0 2120 15
18 42214 0 2132 6
18 42214 0 2142 7
18 42214 0 2170 12
18 75400 0 2265 6
18 75400 0 2289 8
18 36799 0 2339 16
18 75400 0 2426 13
18 75400 0 2440 6
18 40552 0 2486 13
18 75400 0 2490 15
18 40552 0 2506 10
18 75400 0 2516 9
18 40552 0 2520 7
18 75400 0 2526 10
18 40552 0 2530 12
18 75400 0 2561 6
18 80530 0 2591 7
18 75400 0 2612 9
18 82318 0 2674 5
18 82318 0 2680 10
18 82318 0 2701 35
18 34066 0 2893 7
18 34066 0 2907 5
18 34066 0 2916 5
18 34066 0 2922 6
18 34066 0 2931 6
18 72073 0 2963 17
18 72073 0 2996 8
18 34066 0 3009 9
18 34066 0 3052 8
18 60178 0 3091 7
18 60178 0 3113 7
18 60178 0 3132 5
18 60178 0 3142 7
18 60178 0 3155 10
18 71518 0 3173 14
18 60178 0 3179 7
18 71518 0 3188 10
18 60178 0 3204 5
18 71518 0 3204 5
18 71518 0 3210 5
18 71518 0 3216 5
18 71518 0 3223 6
18 14992 0 3242 10
18 21187 0 3246 5
18 14992 0 3253 7
18 14992 0 3264 5
18 21187 0 3264 10
18 14992 0 3270 11
18 14992 0 3291 5
18 21187 0 3315 6
18 21187 0 3341 23
18 21187 0 3410 9
18 50839 0 3432 5
18 21187 0 3440 8
18 50839 0 3442 12
18 46720 0 3530 17
18 95446 0 3542 7
18 46720 0 3548 15
18 95446 0 3557 5
18 95446 0 3563 8
18 95446 0 3582 5
18 95446 0 3588 6
18 71194 0 3598 6
18 71194 0 3639 14
18 71194 0 3654 18
18 71194 0 3679 8
18 71194 0 3689 14
18 71194 0 3707 5
18 71194 0 3722 5
18 72073 0 3724 6
18 71194 0 3732 5
18 72073 0 3732 11
18 71194 0 3743 8
18 71194 0 3790 7
18 57004 0 3805 16
18 57004 0 3825 5
18 71194 0 3832 7
18 71194 0 3850 13
18 71194 0 3868 23
18 65614 0 3961 12
18 25258 0 3982 24
18 25258 0 4007 9
18 25258 0 4017 9
18 25258 0 4038 13
18 25258 0 4052 5
18 25258 0 4064 23
18 25258 0 4138 7
18 6775 0 4152 29
18 6775 0 4196 12
18 6775 0 4209 6
18 6775 0 4216 15
18 6775 0 4232 6
18 6775 0 4240 9
18 6775 0 4259 14
18 6775 0 4274 6
18 36979 0 4286 8
18 6775 0 4317 20
18 6775 0 4341 7
18 6775 0 4365 8
18 6775 0 4374 5
18 6775 0 4381 7
18 6775 0 4412 5
18 6775 0 4420 13
18 6775 0 4442 5
18 6775 0 4462 8
18 6775 0 4477 11
18 36979 0 4481 10
18 36979 0 4494 5
18 36979 0 4500 6
18 6775 0 4506 13
18 36979 0 4554 5
18 36979 0 4560 7
18 6775 0 4579 5
18 36979 0 4596 14
18 6775 0 4597 7
18 36979 0 4629 7
18 36979 0 4642 6
18 36979 0 4653 5
18 36979 0 4659 8
18 86854 0 4685 12
18 86854 0 4700 6
18 86854 0 4707 5
18 86854 0 4728 10
18 86854 0 4740 5
18 71734 0 4767 7
18 6775 0 4769 7
18 6775 0 4792 6
18 71734 0 4825 6
18 71734 0 4838 7
18 6373 0 4859 5
19 72631 0 1000 5
1 95905 1 4216 5
11 55612 1 1 16
11 87949 1 14 7
11 87949 1 40 7
11 84079 1 113 10
11 84079 1 133 8
11 84079 1 147 6
11 84079 1 154 10
11 95446 1 176 22
11 84079 1 212 5
11 95446 1 222 8
11 84079 1 231 10
11 84079 1 242 33
11 95446 1 259 29
11 84079 1 276 10
11 84079 1 287 12
11 87949 1 297 11
11 84079 1 311 10
11 95446 1 323 6
11 84079 1 342 25
11 84079 1 368 26
11 95446 1 378 5
11 95446 1 413 11
11 95446 1 426 15
11 55612 1 455 5
11 55612 1 477 25
11 95446 1 478 9
11 95446 1 489 15
11 95446 1 505 16
11 95446 1 522 6
11 95446 1 536 7
11 55612 1 538 6
11 95446 1 563 5
11 84079 1 579 5
11 95446 1 594 23
11 95446 1 618 42
11 95446 1 675 11
11 95446 1 687 6
11 95446 1 698 5
11 95446 1 720 5
11 95446 1 726 24
11 9313 1 730 7
11 95446 1 751 45
11 95446 1 798 8
11 9313 1 800 17
11 95446 1 807 6
11 9313 1 822 5
11 95446 1 829 11
11 95446 1 855 11
11 95446 1 875 9
11 33115 1 890 5
11 95446 1 898 10
11 95446 1 909 6
11 95446 1 916 9
11 95446 1 928 13
11 95446 1 942 11
11 95446 1 954 34
11 33115 1 993 11
11 33115 1 1005 14
11 33115 1 1024 10
11 33115 1 1043 8
11 33115 1 1056 5
11 33115 1 1062 10
11 33115 1 1076 11
11 55612 1 1078 11
11 55612 1 1093 15
11 33115 1 1098 6
11 33115 1 1105 5
11 55612 1 1110 8
11 55612 1 1121 13
11 33115 1 1133 5
11 55612 1 1139 24
11 55612 1 1164 13
11 55612 1 1184 17
11 55612 1 1213 29
11 55612 1 1243 11
11 55612 1 1255 11
11 55612 1 1278 11
11 83416 1 1288 5
11 55612 1 1295 9
11 81955 1 1303 5
11 81955 1 1309 11
11 55612 1 1310 5
11 81955 1 1321 16
11 55612 1 1327 7
11 55612 1 1335 11
11 81955 1 1348 8
11 55612 1 1392 5
11 55612 1 1402 8
11 55612 1 1431 21
11 83416 1 1452 6
11 55612 1 1453 6
11 83416 1 1466 7
11 83416 1 1474 7
11 55612 1 1495 10
11 55612 1 1508 6
11 55612 1 1522 8
11 55612 1 1532 7
11 83416 1 1576 6
11 55612 1 1580 5
11 83416 1 1585 17
11 55612 1 1600 13
11 58627 1 1602 5
11 55612 1 1622 18
11 55612 1 1646 8
11 55612 1 1657 5
11 55612 1 1667 11
11 55612 1 1697 6
11 86110 1 1702 5
11 55612 1 1705 8
11 86110 1 1713 6
11 55612 1 1720 5
11 86110 1 1720 16
11 55612 1 1726 8
11 55612 1 1735 9
11 86110 1 1742 16
11 55612 1 1745 6
11 55612 1 1756 8
11 86110 1 1761 20
11 86110 1 1783 7
11 86110 1 1793 6
11 86110 1 1809 42
11 86110 1 1855 5
11 86110 1 1861 5
11 86110 1 1873 11
11 61774 1 1885 6
11 72190 1 1911 9
11 72190 1 1925 9
11 86110 1 1938 10
11 72190 1 1957 7
11 86110 1 1958 22
11 86110 1 1988 10
11 86110 1 2013 6
11 86110 1 2027 17
11 72190 1 2043 10
11 86110 1 2059 5
11 86110 1 2065 6
11 72190 1 2068 5
11 72190 1 2074 5
11 86110 1 2078 11
11 72190 1 2097 14
11 72988 1 2118 5
11 72988 1 2142 7
11 72190 1 2164 5
11 72190 1 2177 13
11 72190 1 2191 5
11 72190 1 2202 6
11 72190 1 2215 5
11 72190 1 2242 5
11 72190 1 2248 8
11 72190 1 2260 7
11 72190 1 2268 20
11 72988 1 2273 11
11 72988 1 2306 10
11 72988 1 2319 9
11 72988 1 2343 7
11 72988 1 2358 13
11 16546 1 2392 7
11 72190 1 2413 27
11 72190 1 2446 7
11 95446 1 2471 5
11 72190 1 2480 5
11 72190 1 2496 9
11 95446 1 2496 8
11 72190 1 2510 11
11 72190 1 2535 7
11 2287 1 2542 7
11 2287 1 2557 5
11 2287 1 2563 6
11 72190 1 2588 5
11 72190 1 2603 6
11 72190 1 2610 32
11 72190 1 2644 7
11 72190 1 2655 5
11 33931 1 2668 6
11 72190 1 2692 20
11 33931 1 2707 5
11 72190 1 2715 21
11 2287 1 2721 8
11 2287 1 2731 15
11 72190 1 2744 6
11 72190 1 2751 5
11 2287 1 2752 14
11 72190 1 2760 12
11 72190 1 2773 16
11 2287 1 2780 5
11 72190 1 2791 5
11 2287 1 2794 8
11 2287 1 2805 22
11 2287 1 2829 14
11 72190 1 2838 5
11 72190 1 2848 14
11 2287 1 2855 9
11 72190 1 2865 5
11 2287 1 2871 8
11 72190 1 2871 6
11 2287 1 2880 9
11 72190 1 2883 5
11 72190 1 2895 15
11 33931 1 2913 10
11 72190 1 2919 7
11 33931 1 2928 18
11 2287 1 2980 5
11 2287 1 2989 13
11 2287 1 3011 17
11 2287 1 3029 15
11 2287 1 3045 12
11 2287 1 3058 7
11 2287 1 3066 6
11 2287 1 3080 20
11 33931 1 3103 7
11 2287 1 3107 11
11 33931 1 3119 11
11 33931 1 3132 7
11 33931 1 3145 9
11 2287 1 3153 14
11 2287 1 3175 5
11 2287 1 3181 6
11 75634 1 3187 8
11 2287 1 3189 9
11 2287 1 3202 7
11 2287 1 3211 10
11 75634 1 3214 5
11 75634 1 3231 16
11 75634 1 3255 15
11 75634 1 3274 15
11 75634 1 3295 8
11 88039 1 3303 10
11 75634 1 3309 6
11 2287 1 3315 7
11 75634 1 3321 7
11 88039 1 3325 6
11 75634 1 3329 5
11 88039 1 3332 9
11 88039 1 3342 26
11 88039 1 3369 5
11 88039 1 3375 7
11 25258 1 3421 8
11 25258 1 3437 15
11 25258 1 3460 16
11 25258 1 3495 25
11 25258 1 3532 22
11 25258 1 3555 15
11 8359 1 3566 16
11 25258 1 3589 6
11 25258 1 3603 39
11 25258 1 3648 9
11 25258 1 3664 13
11 25258 1 3678 7
11 8626 1 3701 12
11 52135 1 3712 6
11 8626 1 3714 7
11 52135 1 3719 6
11 52135 1 3730 5
11 25393 1 3741 5
11 25393 1 3750 18
11 52135 1 3766 5
11 25393 1 3769 26
11 25393 1 3796 29
11 25258 1 3822 6
11 25393 1 3852 6
11 25258 1 3868 5
11 25393 1 3874 6
11 25258 1 3893 20
11 45604 1 3908 14
11 25258 1 3934 9
11 25258 1 3952 12
11 45604 1 3986 7
11 45604 1 3998 10
11 45604 1 4011 7
11 45604 1 4019 11
11 45604 1 4036 15
11 33115 1 4050 20
11 45604 1 4056 10
11 45604 1 4067 9
11 45604 1 4077 7
11 33115 1 4092 5
11 45604 1 4099 6
11 33115 1 4102 8
11 45604 1 4106 7
11 45604 1 4118 10
11 79678 1 4129 11
11 45604 1 4153 7
11 45604 1 4179 8
11 45604 1 4190 11
11 45604 1 4204 5
11 45604 1 4210 7
11 79678 1 4211 5
11 79678 1 4225 7
11 79678 1 4239 10
11 45604 1 4244 5
11 45604 1 4250 10
11 45604 1 4261 43
11 79678 1 4264 20
11 45604 1 4311 22
11 73228 1 4326 9
11 45604 1 4344 9
11 45604 1 4363 21
11 29560 1 4397 6
11 29560 1 4404 35
11 25675 1 4451 15
11 29560 1 4456 7
11 29560 1 4464 8
11 29560 1 4473 19
11 29560 1 4493 9
11 29560 1 4503 20
11 29560 1 4533 6
11 48775 1 4537 6
11 29560 1 4540 5
11 29560 1 4557 35
11 45604 1 4573 5
11 45604 1 4580 5
11 29560 1 4603 35
11 28171 1 4633 6
11 29560 1 4639 8
11 29560 1 4652 6
11 29560 1 4664 8
11 29560 1 4673 15
11 29560 1 4690 15
11 76768 1 4702 14
11 29560 1 4706 9
11 95881 1 4729 11
11 95881 1 4742 6
11 95881 1 4753 6
11 29560 1 4754 22
11 95881 1 4775 35
11 29560 1 4809 18
11 95881 1 4813 20
11 95905 1 4829 10
11 95881 1 4842 7
11 95905 1 4844 5
11 95881 1 4867 14
11 95881 1 4882 6
11 95881 1 4889 6
12 6373 1 43 18
12 6373 1 69 9
12 6373 1 97 7
12 6373 1 415 12
12 6373 1 429 9
12 6373 1 439 11
12 6373 1 470 5
12 6373 1 480 6
12 55840 1 591 6
12 55840 1 599 12
12 55840 1 619 6
12 55840 1 639 6
12 55840 1 650 9
12 55840 1 660 13
12 55840 1 714 11
12 55840 1 829 5
12 55840 1 858 6
12 55840 1 881 5
12 55840 1 903 7
12 91027 1 1233 8
12 43243 1 1367 11
12 43243 1 1381 6
12 43243 1 1392 9
12 55840 1 1610 8
12 55840 1 1631 5
12 80155 1 1955 6
12 58627 1 2318 8
12 58627 1 2369 5
12 73228 1 2415 5
12 73228 1 2428 5
12 95881 1 2528 5
12 95881 1 2534 6
12 73228 1 2671 5
12 73228 1 2714 10
12 73228 1 2725 11
12 73228 1 2738 5
12 73228 1 2744 5
12 73228 1 2756 9
12 73228 1 2777 10
12 73228 1 2788 12
12 28108 1 3103 6
12 28108 1 3122 6
12 28108 1 3174 7
12 28108 1 3189 6
12 28108 1 3211 5
12 28108 1 3257 5
12 28108 1 3271 6
12 28108 1 3529 7
12 28108 1 3550 7
12 28108 1 3607 11
12 28108 1 3619 9
12 28108 1 3631 11
12 28108 1 3643 7
12 92248 1 4285 5
12 12169 1 4685 5
12 35182 1 4795 8
13 36640 1 1592 5
13 58627 1 2596 8
14 44704 1 1854 5
14 44704 1 1879 6
18 29773 1 1 17
18 25258 1 34 25
18 54916 1 59 8
18 72073 1 98 9
18 90904 1 118 6
18 39811 1 191 13
18 31777 1 221 20
18 31777 1 247 15
18 39811 1 275 10
18 32839 1 294 5
18 39811 1 297 12
18 32839 1 303 11
18 32839 1 316 8
18 31777 1 367 7
18 31777 1 379 5
18 32839 1 386 6
18 31777 1 406 10
18 31777 1 418 5
18 32839 1 425 6
18 32839 1 437 8
18 32839 1 485 10
18 32839 1 501 12
18 72073 1 513 5
18 56230 1 559 5
18 71194 1 588 6
18 56230 1 597 10
18 56230 1 612 9
18 46789 1 643 5
18 46789 1 666 5
18 46789 1 688 9
18 2263 1 692 6
18 46789 1 711 6
18 2263 1 747 5
18 2263 1 777 5
18 2263 1 783 6
18 41857 1 835 10
18 22378 1 841 6
18 22378 1 848 6
18 41857 1 875 6
18 22378 1 910 9
18 2263 1 916 6
18 22378 1 922 9
18 41857 1 966 11
18 41857 1 986 6
18 41857 1 994 13
18 32365 1 1003 5
18 41857 1 1014 5
18 41857 1 1021 9
18 32365 1 1023 5
18 41857 1 1042 6
18 41857 1 1071 6
18 41857 1 1082 7
18 41857 1 1096 9
18 41857 1 1150 6
18 44704 1 1158 5
18 41857 1 1163 11
18 44704 1 1173 17
18 44704 1 1191 6
18 41857 1 1195 7
18 44704 1 1198 18
18 41857 1 1205 6
18 41857 1 1214 7
18 44704 1 1222 9
18 44704 1 1237 6
18 44704 1 1244 5
18 44704 1 1260 9
18 44704 1 1292 10
18 55840 1 1292 15
18 44704 1 1313 9
18 55840 1 1321 5
18 44704 1 1351 6
18 55840 1 1354 9
18 44704 1 1359 5
18 44704 1 1371 6
18 55840 1 1391 6
18 44704 1 1401 9
18 55840 1 1447 9
18 44704 1 1459 11
18 55840 1 1467 6
18 44704 1 1472 5
18 44704 1 1482 5
18 44704 1 1492 8
18 55840 1 1494 10
18 55840 1 1519 9
18 55840 1 1532 6
18 72988 1 1542 6
18 55840 1 1547 6
18 72988 1 1563 8
18 72988 1 1576 17
18 72988 1 1602 20
18 72988 1 1635 6
18 72988 1 1643 14
18 46072 1 1702 9
18 58627 1 1737 6
18 44704 1 1759 7
18 58627 1 1768 5
18 44704 1 1777 6
18 58627 1 1782 5
18 44704 1 1784 6
18 44704 1 1820 8
18 61051 1 1823 18
18 61051 1 1849 8
18 58627 1 1852 5
18 61051 1 1858 8
18 44704 1 1861 8
18 58627 1 1865 6
18 58627 1 1877 8
18 58627 1 1891 15
18 58627 1 1934 10
18 33931 1 1974 7
18 33931 1 1995 8
18 33931 1 2020 6
18 33931 1 2027 10
18 33931 1 2049 13
18 58627 1 2049 10
18 33931 1 2065 7
18 58627 1 2066 22
18 58627 1 2094 8
18 33931 1 2134 12
18 33931 1 2153 7
18 58627 1 2214 10
18 58627 1 2232 10
18 33931 1 2259 8
18 58627 1 2267 5
18 58627 1 2287 7
18 58627 1 2295 12
18 26074 1 2322 5
18 53191 1 2343 7
18 53191 1 2360 7
18 53191 1 2372 6
18 53191 1 2379 7
18 58627 1 2414 10
18 58627 1 2425 6
18 58627 1 2434 6
18 95881 1 2476 5
18 95881 1 2490 6
18 95881 1 2509 10
18 58627 1 2512 9
18 58627 1 2522 7
18 58627 1 2548 11
18 58627 1 2568 5
18 53191 1 2569 5
18 58627 1 2581 10
18 53191 1 2590 7
18 58627 1 2609 11
18 58627 1 2633 5
18 9721 1 2634 8
18 9721 1 2648 5
18 58627 1 2650 8
18 58627 1 2665 5
18 58627 1 2697 10
18 58627 1 2708 40
18 41686 1 2732 7
18 41686 1 2748 8
18 58627 1 2753 10
18 58627 1 2773 6
18 58627 1 2788 6
18 41686 1 2793 8
18 41686 1 2815 9
18 58627 1 2826 26
18 58627 1 2853 16
18 58627 1 2875 12
18 58627 1 2888 14
18 41686 1 2929 17
18 53191 1 2931 5
18 53191 1 2937 6
18 53191 1 2946 9
18 41686 1 2974 21
18 41686 1 3003 11
18 41686 1 3015 38
18 28108 1 3145 6
18 12169 1 3156 9
18 56407 1 3157 7
18 12169 1 3171 9
18 12169 1 3183 5
18 12169 1 3190 5
18 12169 1 3196 5
18 12169 1 3202 5
18 2554 1 3264 5
18 12169 1 3268 7
18 2554 1 3270 9
18 62011 1 3285 11
18 2554 1 3299 5
18 2554 1 3316 15
18 62011 1 3343 11
18 2554 1 3458 5
18 2554 1 3470 11
18 2554 1 3489 8
18 2554 1 3508 14
18 73228 1 3543 10
18 73228 1 3571 6
18 73228 1 3595 6
18 2554 1 3599 5
18 25675 1 3643 6
18 41686 1 3672 6
18 25675 1 3686 5
18 25675 1 3695 6
18 25675 1 3706 8
18 166 1 3754 9
18 166 1 3768 21
18 26164 1 3802 16
18 26164 1 3837 6
18 166 1 3842 7
18 26164 1 3848 9
18 58342 1 3861 5
18 26164 1 3863 8
18 58342 1 3895 15
18 58342 1 3925 5
18 58342 1 3958 19
18 58342 1 3978 5
18 58342 1 3990 15
18 58342 1 4006 5
18 62011 1 4008 6
18 58342 1 4024 5
18 62011 1 4024 27
18 58342 1 4030 7
18 62011 1 4118 6
18 50389 1 4134 12
18 50389 1 4147 16
18 58342 1 4159 5
18 58342 1 4168 10
18 62011 1 4182 6
18 62011 1 4189 8
18 33931 1 4196 6
18 62011 1 4206 5
18 58342 1 4207 9
18 62011 1 4212 6
18 58342 1 4220 10
18 62011 1 4225 18
18 58342 1 4253 12
18 33931 1 4268 7
18 58342 1 4282 8
18 58342 1 4293 7
18 58342 1 4301 12
18 35182 1 4318 12
18 35182 1 4339 27
18 95446 1 4376 9
18 35182 1 4387 8
18 95446 1 4388 13
18 95446 1 4412 13
18 35182 1 4439 5
18 35182 1 4449 7
18 95446 1 4455 15
18 35182 1 4457 6
18 95446 1 4476 6
18 24244 1 4496 18
18 24244 1 4524 5
18 35182 1 4560 5
18 35182 1 4570 20
18 23581 1 4593 6
18 35182 1 4611 6
18 35182 1 4618 7
18 35182 1 4640 7
18 35182 1 4665 10
18 23581 1 4684 12
18 35182 1 4699 10
18 24244 1 4706 7
18 24244 1 4717 20
18 35182 1 4717 7
18 35182 1 4744 5
18 24244 1 4770 5
18 91744 1 4770 9
18 24244 1 4780 13
18 91744 1 4789 5
18 24244 1 4797 10
18 24244 1 4808 6
18 24244 1 4818 15
18 35182 1 4830 10
18 24244 1 4846 13
18 35182 1 4892 7
19 71194 1 491 5
19 48871 1 1698 5
19 35182 1 4666 5
1 86779 2 2225 5
1 90895 2 3343 5
1 90895 2 3350 8
1 9205 2 4309 5
2 15310 2 4381 5
11 48775 2 25 6
11 2245 2 44 14
11 2245 2 73 18
11 48775 2 77 5
11 26503 2 96 9
11 26503 2 106 6
11 26503 2 121 5
11 26503 2 127 15
11 26503 2 149 11
11 48775 2 158 5
11 26503 2 161 8
11 26503 2 174 17
11 2245 2 206 14
11 48775 2 227 5
11 48775 2 241 8
11 2245 2 242 13
11 2245 2 265 12
11 2245 2 280 8
11 2245 2 293 5
11 2245 2 299 7
11 26503 2 304 19
11 5962 2 338 11
11 5962 2 355 6
11 5962 2 362 26
11 5962 2 396 8
11 83626 2 406 5
11 5962 2 409 5
11 83626 2 414 6
11 83626 2 425 8
11 5962 2 428 11
11 83626 2 435 14
11 83626 2 450 8
11 5962 2 459 8
11 5962 2 468 25
11 83626 2 474 8
11 83626 2 490 10
11 5962 2 530 17
11 83626 2 542 16
11 83626 2 559 6
11 5962 2 567 13
11 5962 2 587 17
11 5962 2 605 10
11 5962 2 626 17
11 5962 2 648 9
11 5962 2 672 18
11 83626 2 686 7
11 5962 2 691 7
11 5962 2 706 12
11 5962 2 723 9
11 5962 2 739 6
11 5962 2 750 16
11 5962 2 767 7
11 5962 2 787 23
11 50014 2 789 5
11 5962 2 817 5
11 5962 2 826 26
11 5962 2 853 8
11 5962 2 871 36
11 5962 2 913 15
11 5962 2 930 6
11 5962 2 941 7
11 5962 2 957 6
11 37867 2 1011 6
11 37867 2 1032 14
11 37867 2 1052 7
11 48457 2 1057 7
11 37867 2 1060 5
11 48457 2 1076 8
11 86278 2 1098 6
11 48457 2 1114 10
11 48457 2 1125 14
11 48457 2 1140 15
11 86278 2 1160 6
11 86278 2 1168 10
11 86278 2 1179 8
11 86278 2 1192 5
11 48457 2 1204 13
11 86278 2 1207 21
11 86278 2 1233 6
11 760 2 1252 5
11 48457 2 1254 13
11 760 2 1260 9
11 48457 2 1268 6
11 48457 2 1275 6
11 760 2 1280 6
11 48457 2 1282 25
11 48457 2 1312 10
11 48457 2 1335 6
11 86278 2 1345 5
11 48457 2 1365 11
11 48457 2 1377 5
11 86278 2 1379 13
11 86278 2 1393 6
11 48457 2 1404 11
11 86278 2 1416 5
11 86278 2 1425 10
11 48457 2 1431 7
11 86278 2 1436 7
11 48457 2 1444 5
11 86278 2 1452 6
11 48457 2 1454 7
11 48457 2 1462 14
11 86278 2 1463 6
11 86278 2 1471 18
11 48457 2 1477 11
11 86278 2 1491 9
11 86278 2 1501 15
11 48457 2 1511 7
11 86278 2 1521 5
11 86278 2 1527 5
11 86278 2 1541 5
11 86278 2 1563 5
11 28171 2 1571 7
11 48457 2 1604 9
11 28171 2 1638 8
11 28171 2 1669 8
11 48457 2 1675 6
11 28171 2 1678 6
11 48457 2 1683 7
11 28171 2 1687 10
11 28171 2 1711 8
11 86278 2 1728 7
11 28171 2 1743 11
11 28171 2 1756 5
11 28171 2 1762 13
11 5962 2 1766 13
11 41857 2 1817 10
11 28171 2 1828 5
11 28171 2 1834 21
11 28171 2 1861 15
11 28171 2 1881 8
11 28171 2 1890 5
11 28171 2 1896 12
11 28171 2 1910 13
11 28171 2 1928 5
11 28171 2 1936 16
11 28171 2 1953 6
11 28171 2 1965 6
11 14986 2 1971 15
11 28171 2 1979 7
11 28171 2 1990 12
11 14986 2 2003 8
11 28171 2 2012 36
11 28171 2 2049 10
11 28171 2 2060 6
11 28171 2 2067 16
11 28171 2 2084 5
11 14986 2 2103 7
11 28171 2 2118 5
11 28171 2 2125 11
11 28171 2 2138 19
11 28171 2 2158 5
11 84784 2 2162 6
11 9634 2 2165 14
11 28171 2 2174 15
11 9634 2 2180 7
11 28171 2 2217 12
11 28171 2 2254 8
11 48457 2 2270 9
11 37933 2 2299 5
11 37933 2 2310 6
11 37933 2 2317 7
11 37933 2 2327 8
11 37933 2 2336 6
11 37933 2 2348 6
11 2134 2 2401 9
11 2134 2 2414 13
11 2134 2 2452 6
11 2134 2 2462 20
11 28171 2 2477 13
11 28171 2 2491 8
11 28171 2 2501 11
11 2134 2 2507 5
11 28171 2 2516 11
11 2134 2 2529 14
11 2134 2 2600 7
11 86278 2 2625 5
11 52516 2 2634 8
11 86278 2 2648 9
11 52516 2 2671 6
11 52516 2 2678 9
11 52516 2 2698 14
11 52516 2 2720 5
11 52516 2 2732 6
11 94831 2 2751 9
11 94831 2 2761 5
11 52516 2 2772 18
11 52516 2 2791 17
11 94831 2 2801 9
11 52516 2 2809 6
11 52516 2 2823 16
11 94831 2 2827 5
11 94831 2 2842 6
11 94831 2 2855 8
11 9634 2 2889 5
11 9634 2 2895 6
11 9634 2 2910 6
11 9634 2 2931 18
11 94831 2 2961 9
11 9634 2 2971 5
11 94831 2 2971 18
11 94831 2 2990 6
11 94831 2 3004 7
11 1588 2 3021 10
11 1588 2 3032 9
11 1588 2 3045 8
11 1588 2 3058 12
11 1588 2 3088 8
11 1588 2 3097 5
11 1588 2 3105 11
11 1588 2 3117 6
11 1588 2 3124 13
11 1588 2 3138 18
11 1588 2 3158 5
11 92881 2 3174 7
11 1588 2 3186 8
11 92881 2 3189 6
11 1588 2 3197 7
11 92881 2 3197 5
11 1588 2 3208 11
11 1588 2 3221 10
11 92881 2 3227 10
11 1588 2 3234 8
11 1588 2 3243 11
11 92881 2 3260 8
11 92881 2 3270 7
11 7651 2 3316 8
11 7651 2 3329 13
11 9634 2 3352 7
11 7651 2 3358 6
11 9634 2 3367 15
11 9634 2 3391 21
11 90289 2 3413 6
11 9634 2 3427 8
11 9634 2 3437 6
11 7651 2 3442 9
11 9634 2 3445 18
11 7651 2 3469 7
11 7651 2 3477 12
11 7651 2 3496 13
11 7651 2 3511 12
11 7651 2 3537 14
11 7651 2 3557 16
11 7651 2 3583 9
11 9634 2 3604 11
11 7651 2 3608 12
11 9634 2 3620 9
11 7651 2 3626 15
11 7651 2 3672 10
11 7651 2 3692 6
11 7651 2 3713 7
11 9634 2 3721 6
11 7651 2 3723 8
11 9634 2 3728 5
11 7651 2 3732 16
11 9634 2 3739 8
11 9634 2 3748 6
11 7651 2 3760 5
11 7651 2 3767 8
11 9634 2 3774 23
11 7651 2 3786 9
11 7651 2 3796 19
11 7651 2 3816 22
11 65725 2 3837 7
11 65725 2 3845 8
11 65725 2 3859 5
11 65725 2 3865 15
11 65725 2 3888 11
11 41857 2 3897 8
11 65725 2 3902 9
11 65725 2 3913 11
11 65725 2 3925 16
11 65725 2 3945 51
11 65725 2 4002 41
11 65725 2 4044 9
11 65725 2 4061 11
11 65725 2 4090 6
11 65725 2 4115 13
11 65725 2 4129 16
11 35431 2 4139 9
11 35431 2 4155 9
11 35431 2 4165 8
11 35431 2 4174 6
11 35431 2 4188 8
11 65725 2 4197 11
11 35431 2 4204 14
11 65725 2 4211 6
11 35431 2 4223 5
11 35431 2 4231 11
11 35431 2 4253 16
11 35431 2 4277 9
11 35326 2 4279 10
11 35326 2 4290 9
11 35431 2 4294 7
11 35326 2 4312 6
11 35326 2 4320 6
11 35326 2 4332 13
11 35326 2 4346 5
11 35326 2 4352 11
11 35326 2 4367 19
11 35431 2 4375 10
11 35431 2 4389 10
11 35326 2 4391 8
11 35431 2 4401 7
11 35431 2 4409 11
11 41857 2 4437 11
11 35431 2 4438 7
11 35431 2 4446 7
11 41857 2 4449 7
11 41857 2 4463 8
11 35431 2 4464 6
11 41857 2 4477 21
11 41857 2 4499 7
11 41857 2 4511 5
11 35431 2 4518 19
11 41857 2 4524 6
11 41857 2 4531 8
11 35431 2 4538 6
11 41857 2 4541 5
11 35431 2 4555 27
11 95905 2 4613 6
11 56230 2 4621 10
11 95905 2 4623 5
11 95905 2 4629 9
11 56230 2 4640 8
11 95905 2 4644 6
11 56230 2 4649 9
11 95905 2 4652 5
11 56230 2 4659 5
11 95905 2 4670 24
11 56230 2 4674 9
11 56230 2 4693 5
11 56230 2 4699 7
11 95905 2 4710 17
11 56230 2 4722 5
11 95905 2 4729 5
11 95905 2 4735 8
11 95905 2 4747 6
11 95905 2 4754 5
11 95905 2 4762 5
11 91609 2 4763 16
11 95905 2 4776 8
11 91609 2 4782 17
11 95905 2 4793 13
11 91609 2 4806 45
11 95905 2 4810 14
11 95905 2 4826 7
11 95905 2 4840 19
11 91609 2 4852 7
11 91609 2 4865 11
11 95905 2 4866 5
11 95905 2 4883 23
11 91609 2 4895 7
12 29554 2 47 5
12 2245 2 499 8
12 28171 2 583 9
12 79678 2 693 6
12 79678 2 815 8
12 79678 2 825 13
12 79678 2 844 5
12 2287 2 1006 13
12 38968 2 1149 6
12 38968 2 1156 6
12 38968 2 1172 16
12 38968 2 1189 5
12 38968 2 1254 15
12 38968 2 1392 6
12 38968 2 1454 8
12 38968 2 1621 9
12 62011 2 1909 5
12 62011 2 1915 6
12 62011 2 1934 9
12 29554 2 2557 17
12 62011 2 2702 6
12 29554 2 2735 6
12 29554 2 2752 10
12 29554 2 2771 6
12 9205 2 3048 6
12 67537 2 3458 7
12 9205 2 3804 5
12 9205 2 3820 6
12 9205 2 3985 6
12 9205 2 4056 8
12 9205 2 4069 8
12 9205 2 4140 5
12 9205 2 4162 6
12 88984 2 4206 10
12 88984 2 4379 5
12 28243 2 4706 5
12 28243 2 4831 5
12 28243 2 4844 5
12 28243 2 4855 8
12 28243 2 4864 7
13 79678 2 960 5
14 93355 2 2891 5
14 9205 2 3855 6
14 88984 2 4447 7
18 25405 2 10 11
18 25405 2 25 6
18 68848 2 31 10
18 68848 2 49 5
18 25405 2 57 5
18 68848 2 64 7
18 68848 2 72 7
18 25405 2 73 9
18 68848 2 110 5
18 25675 2 132 10
18 29554 2 145 6
18 29554 2 152 9
18 25675 2 154 7
18 29554 2 181 16
18 83950 2 205 10
18 29554 2 206 9
18 29554 2 216 7
18 83950 2 226 13
18 29554 2 228 9
18 29554 2 244 5
18 83950 2 250 7
18 83950 2 260 6
18 25675 2 307 5
18 25675 2 314 6
18 71896 2 398 8
18 71896 2 413 7
18 29554 2 415 5
18 29554 2 421 5
18 71896 2 431 5
18 71896 2 438 8
18 29554 2 455 7
18 71896 2 457 9
18 83950 2 473 9
18 83950 2 485 17
18 83950 2 515 5
18 71896 2 518 7
18 71896 2 538 6
18 71896 2 558 13
18 29554 2 561 5
18 29554 2 567 5
18 71896 2 572 27
18 29554 2 611 5
18 71896 2 612 11
18 29554 2 627 25
18 71896 2 696 5
18 71896 2 715 17
18 83626 2 735 11
18 83626 2 749 5
18 71896 2 770 8
18 83626 2 898 7
18 83626 2 909 6
18 83626 2 919 12
18 83626 2 933 5
18 83626 2 939 8
18 83626 2 1006 6
18 83626 2 1020 5
18 83950 2 1045 7
18 83950 2 1053 7
18 54892 2 1061 19
18 54892 2 1081 15
18 54892 2 1111 5
18 54892 2 1142 7
18 54892 2 1172 6
18 83626 2 1258 7
18 86278 2 1263 7
18 83626 2 1280 5
18 83626 2 1287 5
18 83626 2 1300 12
18 86278 2 1312 5
18 86278 2 1321 10
18 83626 2 1323 5
18 83626 2 1331 23
18 83626 2 1364 7
18 83626 2 1379 6
18 83626 2 1388 6
18 83626 2 1396 6
18 2245 2 1405 7
18 83626 2 1405 5
18 2245 2 1416 15
18 2245 2 1444 11
18 2245 2 1464 13
18 48457 2 1557 5
18 48457 2 1589 6
18 73228 2 1658 5
18 54892 2 1661 7
18 54892 2 1672 6
18 90154 2 1749 12
18 90154 2 1762 24
18 760 2 1810 5
18 84784 2 1836 10
18 82318 2 1942 5
18 22378 2 2001 6
18 22378 2 2008 5
18 82318 2 2037 6
18 82318 2 2045 7
18 22378 2 2049 8
18 22378 2 2058 6
18 82318 2 2076 11
18 82318 2 2125 5
18 82318 2 2171 14
18 89215 2 2193 6
18 89215 2 2202 6
18 82318 2 2205 11
18 89215 2 2214 6
18 82318 2 2217 5
18 82318 2 2225 5
18 89215 2 2229 14
18 89215 2 2247 8
18 89215 2 2256 17
18 82318 2 2261 5
18 82318 2 2292 6
18 24607 2 2311 5
18 82318 2 2315 6
18 24607 2 2318 7
18 89215 2 2325 7
18 29554 2 2326 5
18 89215 2 2340 9
18 89215 2 2372 6
18 62011 2 2406 5
18 62011 2 2416 20
18 89215 2 2427 12
18 62011 2 2478 14
18 79231 2 2509 5
18 62011 2 2538 14
18 62011 2 2558 6
18 62011 2 2570 6
18 29554 2 2607 5
18 62011 2 2607 5
18 62011 2 2613 5
18 62011 2 2619 10
18 62011 2 2634 14
18 62011 2 2651 5
18 7792 2 2652 8
18 7792 2 2662 5
18 29554 2 2667 11
18 29554 2 2683 8
18 29554 2 2709 5
18 44056 2 2775 14
18 44056 2 2791 8
18 44056 2 2800 5
18 44056 2 2806 7
18 44056 2 2814 6
18 9205 2 2838 18
18 9205 2 2876 22
18 32689 2 2876 5
18 34753 2 2900 14
18 9205 2 2928 11
18 34753 2 2933 5
18 34753 2 2987 6
18 9205 2 3021 6
18 9205 2 3028 14
18 58423 2 3075 14
18 58423 2 3090 23
18 58423 2 3125 15
18 58423 2 3146 5
18 58423 2 3152 10
18 58423 2 3165 6
18 58423 2 3183 16
18 9205 2 3187 7
18 58423 2 3204 6
18 58423 2 3224 7
18 58423 2 3237 6
18 58423 2 3247 9
18 58423 2 3276 6
18 58423 2 3283 5
18 58423 2 3310 5
18 37933 2 3312 10
18 90289 2 3369 20
18 37933 2 3411 10
18 37933 2 3423 5
18 58423 2 3424 7
18 37933 2 3449 5
18 37933 2 3465 24
18 67537 2 3473 5
18 37933 2 3506 8
18 37933 2 3515 26
18 34753 2 3557 5
18 37933 2 3558 13
18 34753 2 3575 5
18 37933 2 3579 8
18 37933 2 3595 9
18 37933 2 3605 48
18 37933 2 3662 8
18 526 2 3699 7
18 37933 2 3707 9
18 526 2 3718 11
18 37933 2 3742 6
18 54892 2 3764 9
18 56230 2 3766 11
18 56230 2 3793 5
18 56230 2 3802 9
18 9205 2 3848 14
18 37933 2 3849 11
18 37933 2 3862 13
18 37933 2 3876 5
18 37933 2 3890 16
18 37933 2 3941 9
18 37933 2 3965 7
18 37933 2 3973 6
18 37933 2 3981 13
18 9205 2 4039 10
18 37933 2 4057 5
18 9205 2 4109 5
18 37933 2 4121 22
18 9205 2 4185 5
18 70513 2 4196 7
18 9205 2 4208 5
18 9205 2 4218 30
18 9205 2 4276 8
18 9205 2 4289 6
18 9205 2 4296 9
18 88984 2 4415 11
18 88984 2 4434 20
18 88984 2 4459 5
18 90289 2 4480 5
18 90289 2 4495 15
18 90289 2 4512 9
18 90289 2 4525 13
18 90289 2 4541 14
18 78415 2 4562 5
18 90289 2 4564 5
18 78415 2 4568 18
18 78415 2 4614 33
18 78415 2 4667 5
18 78415 2 4680 5
18 78415 2 4686 11
18 32260 2 4692 5
18 78415 2 4701 6
18 32260 2 4715 6
18 78415 2 4717 5
18 78415 2 4723 6
18 32260 2 4727 15
18 32260 2 4744 15
18 32260 2 4779 6
18 78415 2 4793 5
18 32260 2 4797 11
18 78415 2 4805 9
18 78415 2 4819 5
18 66754 2 4854 7
18 66754 2 4862 10
18 36727 2 4894 9
19 29554 2 137 6
19 71896 2 563 5
1 8359 3 4007 6
2 8359 3 4002 9
6 57871 3 4214 5
11 13840 3 10 7
11 95905 3 13 8
11 95905 3 22 14
11 13840 3 30 5
11 35431 3 32 8
11 13840 3 37 6
11 95905 3 37 26
11 95905 3 85 21
11 95905 3 107 30
11 95905 3 141 8
11 58942 3 156 5
11 95905 3 197 5
11 82318 3 214 5
11 82318 3 229 6
11 82318 3 238 13
11 82318 3 256 6
11 82318 3 267 17
11 82318 3 285 20
11 82318 3 320 7
11 95905 3 324 13
11 82318 3 330 7
11 82318 3 352 6
11 68233 3 372 13
11 68233 3 394 6
11 68233 3 405 26
11 68233 3 437 5
11 68233 3 451 10
11 68233 3 462 5
11 24607 3 472 6
11 24607 3 479 7
11 68233 3 482 8
11 24607 3 487 7
11 83665 3 498 8
11 83665 3 511 8
11 83665 3 526 5
11 24607 3 547 12
11 24607 3 560 9
11 24607 3 582 9
11 24607 3 592 15
11 24607 3 620 8
11 24607 3 638 5
11 24607 3 644 12
11 33649 3 655 12
11 24607 3 668 5
11 33649 3 681 6
11 33649 3 707 9
11 33649 3 717 6
11 33649 3 728 9
11 33649 3 747 6
11 33649 3 754 5
11 70525 3 755 7
11 70276 3 793 7
11 33649 3 801 9
11 33649 3 811 9
11 33649 3 821 9
11 88213 3 840 10
11 33649 3 841 6
11 33649 3 848 10
11 88213 3 862 8
11 33649 3 866 7
11 33649 3 876 12
11 33649 3 889 8
11 33649 3 909 5
11 33649 3 941 11
11 58036 3 956 12
11 58036 3 969 8
11 58036 3 994 31
11 58036 3 1037 8
11 33649 3 1045 9
11 33649 3 1063 10
11 33649 3 1074 16
11 58036 3 1082 11
11 33649 3 1095 5
11 33649 3 1106 5
11 33649 3 1120 7
11 58036 3 1138 5
11 58036 3 1158 9
11 58036 3 1168 25
11 58036 3 1197 5
11 58036 3 1216 20
11 24607 3 1244 5
11 58036 3 1251 5
11 24607 3 1255 5
11 68233 3 1269 5
11 68233 3 1293 9
11 68233 3 1312 18
11 68233 3 1340 17
11 68233 3 1363 10
11 61807 3 1373 5
11 68233 3 1376 7
11 61807 3 1402 7
11 68233 3 1417 17
11 68233 3 1438 15
11 61807 3 1439 13
11 68233 3 1469 14
11 68233 3 1494 20
11 68233 3 1529 8
11 68233 3 1543 9
11 68233 3 1553 7
11 68233 3 1561 7
11 68233 3 1585 9
11 68233 3 1595 22
11 61807 3 1600 6
11 68233 3 1630 5
11 68233 3 1636 10
11 61807 3 1649 9
11 68233 3 1656 7
11 61807 3 1660 5
11 68233 3 1668 5
11 68233 3 1681 5
11 61807 3 1687 7
11 68233 3 1687 5
11 70489 3 1707 5
11 70489 3 1713 13
11 70489 3 1736 6
11 61807 3 1742 6
11 61807 3 1766 7
11 70489 3 1775 8
11 61807 3 1782 12
11 61807 3 1797 14
11 61807 3 1812 6
11 24607 3 1813 5
11 61807 3 1822 7
11 24607 3 1827 6
11 61807 3 1830 7
11 24607 3 1835 6
11 61807 3 1841 6
11 61807 3 1854 5
11 61807 3 1865 5
11 24607 3 1872 7
11 24607 3 1880 6
11 61807 3 1888 7
11 24607 3 1902 6
11 24607 3 1918 6
11 24607 3 1926 8
11 61807 3 1942 10
11 61807 3 1975 6
11 24607 3 1978 13
11 61807 3 1982 11
11 61807 3 1994 5
11 24607 3 2001 8
11 61807 3 2001 6
11 61807 3 2012 5
11 61807 3 2023 8
11 24607 3 2052 8
11 24607 3 2079 6
11 24607 3 2087 7
11 24607 3 2101 37
11 24607 3 2139 16
11 24607 3 2156 5
11 24607 3 2208 9
11 24607 3 2219 23
11 70489 3 2240 5
11 24607 3 2243 11
11 24607 3 2273 8
11 24607 3 2282 7
11 24607 3 2299 9
11 24607 3 2309 5
11 24607 3 2315 16
11 24607 3 2353 7
11 24607 3 2366 12
11 70525 3 2387 9
11 62719 3 2402 9
11 70525 3 2407 26
11 62719 3 2412 7
11 62719 3 2420 9
11 62719 3 2431 8
11 70525 3 2436 5
11 62719 3 2440 17
11 70525 3 2443 6
11 70525 3 2457 12
11 70525 3 2470 13
11 52114 3 2493 8
11 52114 3 2533 10
11 24607 3 2574 18
11 70525 3 2586 9
11 24607 3 2594 10
11 24607 3 2606 5
11 70525 3 2608 9
11 79915 3 2624 9
11 52114 3 2637 5
11 79915 3 2641 26
11 79915 3 2681 10
11 79915 3 2709 7
11 79915 3 2722 17
11 47326 3 2738 5
11 47326 3 2744 14
11 64312 3 2751 9
11 47326 3 2760 21
11 47326 3 2782 18
11 47326 3 2811 9
11 47326 3 2821 19
11 50209 3 2828 10
11 50209 3 2839 14
11 50209 3 2870 9
11 50209 3 2884 7
11 79915 3 2905 15
11 79915 3 2940 28
11 24607 3 2948 11
11 79915 3 2969 7
11 79915 3 2984 8
11 79915 3 2997 7
11 79915 3 3005 9
11 24607 3 3006 6
11 79915 3 3025 12
11 79915 3 3038 9
11 79915 3 3050 7
11 79915 3 3064 12
11 79915 3 3079 16
11 79915 3 3115 6
11 79915 3 3122 9
11 79915 3 3133 17
11 79915 3 3152 5
11 79915 3 3166 6
11 79915 3 3179 5
11 79915 3 3212 9
11 79915 3 3225 9
11 79915 3 3238 7
11 79915 3 3246 10
11 79915 3 3257 7
11 79915 3 3265 18
11 79915 3 3284 6
11 79915 3 3302 14
11 79915 3 3317 9
11 1987 3 3331 5
11 79915 3 3335 11
11 1987 3 3345 11
11 79915 3 3356 5
11 1987 3 3376 12
11 79915 3 3384 6
11 79915 3 3397 6
11 79915 3 3416 7
11 38968 3 3424 8
11 38968 3 3461 7
11 79915 3 3463 8
11 38968 3 3473 9
11 38968 3 3509 18
11 38968 3 3528 5
11 38968 3 3535 5
11 38968 3 3541 5
11 38968 3 3551 10
11 38968 3 3562 19
11 38968 3 3584 5
11 26800 3 3610 8
11 38968 3 3630 11
11 38968 3 3642 5
11 26800 3 3672 9
11 26800 3 3683 6
11 26800 3 3690 7
11 26800 3 3705 6
11 26800 3 3713 9
11 26800 3 3729 9
11 95905 3 3736 6
11 26800 3 3739 9
11 26800 3 3753 5
11 26800 3 3806 7
11 12349 3 3861 5
11 79915 3 3880 10
11 12349 3 3893 19
11 12349 3 3913 7
11 79915 3 3914 8
11 12349 3 3922 13
11 12349 3 3947 7
11 12349 3 3979 11
11 79915 3 3993 9
11 79915 3 4010 10
11 12349 3 4012 7
11 79915 3 4021 17
11 12349 3 4042 19
11 79915 3 4047 8
11 12349 3 4064 15
11 12349 3 4090 6
11 59824 3 4090 7
11 59824 3 4100 14
11 59824 3 4117 15
11 59824 3 4150 5
11 59824 3 4162 20
11 59824 3 4200 6
11 59824 3 4208 10
11 57871 3 4209 14
11 57871 3 4238 5
11 59824 3 4249 6
11 57871 3 4259 6
11 57871 3 4271 6
11 57871 3 4289 6
11 57871 3 4296 5
11 57871 3 4302 5
11 57871 3 4308 9
11 13507 3 4321 17
11 57871 3 4332 5
11 13507 3 4341 14
11 57871 3 4348 7
11 13507 3 4356 5
11 13507 3 4376 5
11 13507 3 4415 7
11 13507 3 4426 43
11 13507 3 4483 8
11 13507 3 4494 7
11 13507 3 4521 10
11 18808 3 4524 8
11 13507 3 4535 5
11 13507 3 4543 5
11 13507 3 4552 8
11 13507 3 4588 6
11 13507 3 4595 6
11 13507 3 4602 27
11 13507 3 4635 5
11 13507 3 4641 20
11 13507 3 4668 8
11 13507 3 4677 14
11 13507 3 4692 7
11 13507 3 4703 19
11 13507 3 4723 13
11 13507 3 4744 9
11 13507 3 4757 12
11 26560 3 4781 10
11 13507 3 4790 15
11 13507 3 4809 5
11 13507 3 4822 24
11 13507 3 4897 6
12 41857 3 496 11
12 41857 3 581 6
12 41857 3 588 5
12 41857 3 638 5
12 41857 3 657 6
12 41857 3 860 8
12 61957 3 1055 10
12 61957 3 1078 7
12 61957 3 1158 19
12 61957 3 1181 7
12 61957 3 1198 10
12 61957 3 1221 6
12 61957 3 1229 8
12 61957 3 1313 5
12 36082 3 1538 13
12 68959 3 1833 10
12 52114 3 2160 7
12 52114 3 2170 23
12 52114 3 2205 6
12 52114 3 2227 5
12 52114 3 2239 5
12 22066 3 2345 6
12 22066 3 2367 6
12 22066 3 2390 5
12 22066 3 2429 9
12 19414 3 2534 7
12 31597 3 2762 10
12 31597 3 2813 6
12 31597 3 2949 5
12 31597 3 3370 7
12 31597 3 3395 6
12 31597 3 3465 7
12 31597 3 3476 8
12 31597 3 3528 5
12 31597 3 3537 6
12 93307 3 3630 5
12 26800 3 3958 6
12 52603 3 4118 6
12 52603 3 4143 6
12 52603 3 4165 8
12 52603 3 4181 5
12 52603 3 4326 17
12 52603 3 4386 6
12 52603 3 4403 8
12 52603 3 4419 7
12 48373 3 4589 17
12 48373 3 4608 7
12 48373 3 4622 5
12 81229 3 4713 6
12 81229 3 4723 13
12 57871 3 4742 5
12 48373 3 4808 5
12 48373 3 4825 8
12 48373 3 4836 11
12 48373 3 4854 7
14 46921 3 2867 6
14 31597 3 3317 5
18 28243 3 21 6
18 28243 3 40 21
18 28243 3 75 13
18 28243 3 95 19
18 49726 3 103 11
18 28243 3 121 5
18 49726 3 125 14
18 58036 3 156 8
18 49726 3 167 18
18 58036 3 175 13
18 58036 3 189 16
18 49726 3 194 7
18 49726 3 226 6
18 49726 3 236 5
18 58036 3 252 7
18 49726 3 258 7
18 58036 3 264 7
18 58036 3 276 9
18 89215 3 283 8
18 89215 3 307 7
18 89215 3 321 5
18 89215 3 327 11
18 89215 3 341 5
18 41857 3 371 5
18 41857 3 377 9
18 41857 3 395 13
18 41857 3 414 6
18 41857 3 425 13
18 47326 3 491 6
18 28243 3 537 5
18 89215 3 540 7
18 28243 3 560 10
18 28243 3 581 9
18 28243 3 591 8
18 28243 3 610 7
18 41857 3 626 5
18 58036 3 647 5
18 58036 3 676 17
18 58036 3 694 21
18 88213 3 723 5
18 14722 3 734 5
18 14722 3 742 5
18 88213 3 748 5
18 88213 3 754 6
18 88213 3 762 6
18 33649 3 778 5
18 33649 3 784 8
18 28243 3 853 6
18 28243 3 862 12
18 28243 3 882 7
18 28243 3 890 11
18 28243 3 907 9
18 28243 3 920 26
18 28243 3 948 5
18 28243 3 954 20
18 28243 3 978 12
18 28243 3 996 6
18 36727 3 1016 5
18 36727 3 1058 5
18 36727 3 1076 8
18 36727 3 1090 5
18 36727 3 1101 17
18 36727 3 1119 11
18 36727 3 1159 9
18 89215 3 1198 12
18 89215 3 1215 10
18 89215 3 1226 22
18 89215 3 1263 8
18 93778 3 1270 5
18 93778 3 1286 7
18 89215 3 1288 5
18 93778 3 1301 5
18 89215 3 1306 10
18 89215 3 1332 7
18 50209 3 1345 5
18 89215 3 1349 5
18 50209 3 1351 7
18 89215 3 1371 5
18 89215 3 1377 5
18 50209 3 1380 6
18 89215 3 1385 7
18 50209 3 1407 5
18 50209 3 1462 7
18 50209 3 1490 8
18 50209 3 1518 5
18 50209 3 1527 6
18 50209 3 1534 9
18 62743 3 1549 8
18 62743 3 1580 7
18 36727 3 1600 9
18 36727 3 1614 5
18 760 3 1690 9
18 36727 3 1695 12
18 760 3 1700 12
18 36727 3 1712 31
18 36727 3 1753 6
18 36727 3 1760 8
18 36727 3 1786 15
18 51877 3 1792 14
18 36727 3 1810 5
18 36727 3 1828 8
18 4183 3 1851 5
18 4183 3 1893 8
18 5680 3 1898 7
18 5680 3 1906 20
18 5680 3 1937 10
18 5680 3 1951 9
18 4183 3 1969 15
18 5680 3 1973 5
18 5680 3 1988 13
18 5680 3 2003 9
18 4183 3 2012 6
18 5680 3 2014 34
18 59701 3 2033 6
18 59701 3 2040 6
18 59701 3 2058 15
18 59701 3 2083 5
18 5680 3 2105 8
18 5680 3 2118 11
18 5680 3 2141 8
18 5680 3 2152 8
18 5680 3 2168 13
18 5680 3 2195 16
18 5680 3 2212 9
18 5680 3 2222 21
18 31597 3 2267 28
18 31597 3 2301 7
18 31597 3 2309 7
18 5680 3 2320 5
18 31597 3 2321 5
18 31597 3 2328 8
18 5680 3 2350 11
18 5680 3 2370 11
18 65713 3 2425 8
18 19414 3 2444 9
18 89215 3 2497 7
18 65713 3 2553 7
18 65713 3 2564 5
18 31597 3 2582 7
18 31597 3 2642 7
18 31597 3 2665 20
18 65713 3 2687 6
18 31597 3 2692 6
18 31597 3 2702 7
18 31597 3 2745 5
18 31597 3 2756 5
18 65713 3 2763 8
18 13090 3 2797 8
18 36082 3 2801 5
18 36082 3 2817 9
18 46921 3 2851 6
18 46921 3 2881 6
18 46921 3 2888 6
18 36082 3 2895 5
18 46921 3 2910 15
18 46921 3 2942 6
18 46921 3 2961 10
18 46921 3 2972 7
18 46921 3 2988 9
18 19414 3 3019 5
18 19414 3 3025 6
18 46921 3 3029 5
18 19414 3 3033 8
18 46921 3 3036 5
18 19414 3 3049 8
18 19414 3 3058 9
18 19414 3 3124 20
18 19414 3 3145 6
18 36082 3 3164 9
18 36082 3 3194 8
18 88906 3 3228 5
18 31597 3 3256 6
18 31597 3 3267 5
18 31597 3 3281 11
18 31597 3 3298 5
18 36082 3 3377 5
18 36082 3 3383 10
18 36082 3 3437 7
18 31597 3 3499 6
18 58942 3 3521 14
18 58942 3 3566 6
18 17218 3 3574 7
18 17218 3 3587 5
18 17218 3 3596 5
18 17218 3 3602 6
18 17218 3 3620 10
18 58942 3 3651 8
18 58942 3 3665 10
18 58942 3 3678 9
18 93307 3 3697 5
18 79915 3 3747 10
18 93307 3 3754 6
18 93307 3 3786 8
18 79915 3 3792 5
18 93307 3 3796 9
18 79915 3 3814 11
18 93307 3 3814 6
18 93307 3 3823 12
18 93307 3 3837 18
18 79915 3 3857 6
18 41455 3 3873 8
18 31597 3 3883 23
18 41455 3 3884 10
18 41455 3 3895 6
18 31597 3 3912 6
18 41455 3 3930 13
18 41455 3 3944 14
18 41455 3 3964 12
18 41455 3 4000 8
18 41455 3 4009 11
18 41455 3 4023 9
18 41455 3 4033 7
18 41455 3 4048 9
18 41455 3 4058 6
18 79915 3 4085 7
18 79915 3 4096 11
18 57871 3 4109 9
18 57871 3 4132 7
18 57871 3 4150 5
18 41455 3 4161 10
18 57871 3 4171 7
18 41455 3 4173 5
18 41455 3 4180 6
18 57871 3 4181 9
18 57871 3 4197 9
18 41455 3 4207 6
18 41455 3 4217 11
18 41455 3 4238 5
18 41455 3 4247 5
18 41455 3 4257 11
18 41455 3 4272 6
18 41455 3 4287 8
18 41455 3 4297 8
18 61708 3 4306 16
18 57871 3 4353 5
18 93307 3 4370 7
18 75013 3 4387 18
18 61708 3 4422 7
18 81229 3 4463 5
18 48775 3 4477 10
18 81229 3 4477 6
18 81229 3 4486 14
18 48775 3 4502 5
18 48775 3 4510 9
18 81229 3 4515 6
18 48775 3 4521 6
18 81229 3 4530 13
18 81229 3 4548 10
18 41455 3 4570 7
18 41455 3 4578 8
18 81229 3 4594 22
18 81229 3 4637 21
18 41455 3 4655 8
18 81229 3 4671 8
18 81229 3 4687 5
18 41455 3 4699 5
18 48373 3 4748 8
18 48373 3 4757 5
18 48775 3 4774 15
18 48775 3 4826 5
18 48775 3 4836 8
19 59701 3 2050 6
19 36082 3 2919 6
