0.05 0.0
0.15000000000000002 0.0
0.25 0.0
0.35000000000000003 0.0
0.45 0.0
0.55 0.0
0.65 0.0
0.75 0.0
0.8500000000000001 0.0
0.9500000000000001 0.0
1.05 0.0
1.1500000000000001 0.0
1.25 0.0
1.35 0.0
1.4500000000000002 0.0
1.55 0.0
1.6500000000000001 0.0
1.75 0.0
1.85 0.0
1.9500000000000002 0.0
2.0500000000000003 0.0
2.15 0.0
2.25 0.0
2.35 0.0
2.45 0.05504344000194902
2.5500000000000003 0.39923321003097767
2.6500000000000004 0.9342680674383295
2.75 1.1421886347769545
2.85 0.9588477547440756
2.95 0.7512148114529826
3.0500000000000003 0.629191851102793
3.1500000000000004 0.5518237588870476
3.25 0.5116871233954793
3.35 0.4710816059091663
3.45 0.5274521068122919
3.5500000000000003 0.5580856191137273
3.6500000000000004 0.5456420264591505
3.75 0.59413478730577
3.85 0.6878723651835332
3.95 0.7155067654161248
4.05 0.7410459002729954
4.15 0.7249506697671607
4.25 0.8637211481844337
4.3500000000000005 0.8955643454596282
4.45 0.9558859117716495
4.55 1.0648209617066327
4.65 1.0653619083536958
4.75 1.1506928538490726
4.8500000000000005 1.0425254724367607
4.95 1.0143158066153897
5.050000000000001 0.9976812350216031
5.15 0.9619834064743938
5.25 0.9573705338859804
5.3500000000000005 0.9829378017323871
5.45 0.9607073252256746
5.550000000000001 0.928698821691641
5.65 0.8658021353566617
5.75 0.8887767929311008
5.8500000000000005 0.8972737850255796
5.95 0.896035269991242
6.050000000000001 0.8802012982189461
6.15 0.8680351666389018
6.25 0.8725049186329203
6.3500000000000005 0.8879717413278674
6.45 0.8742678346426525
6.550000000000001 0.8912385618749046
6.65 0.8838505738968487
6.75 0.9376334153023707
6.8500000000000005 0.942650540502431
6.95 0.9391744556839546
7.050000000000001 0.9754048573966007
7.15 0.9436951408197491
7.25 0.9497241104292513
7.3500000000000005 1.003137570971535
7.45 0.984468715099591
7.550000000000001 1.003282303790193
7.65 0.9820642491189812
7.75 1.0028621251053966
7.8500000000000005 0.9525780917401796
7.95 0.9993465460939874
8.05 1.009274197439751
8.15 1.016284629499241
8.25 1.022660656821418
8.35 1.0233636711961265
8.450000000000001 1.0035829419944946
8.55 0.9789533728014586
8.65 1.0025056553515754
8.75 0.9747899046303999
8.85 0.9830209753729359
8.950000000000001 0.9941787583490473
9.05 1.0020124177662546
9.15 1.017161721657457
9.25 1.047700751363378
9.35 1.0310798200294284
9.450000000000001 1.0062020490181758
9.55 0.9712652331511844
9.65 0.979880977670704
9.75 1.000355165733878
9.850000000000001 1.0095826901986444
9.950000000000001 1.0182390409635849
