25649
0.0
0.0038987874770946237
0.0
0.0
0.01169636243128387
0.01169636243128387
0.01169636243128387
0.02339272486256774
0.01169636243128387
0.01169636243128387
0.02339272486256774
0.01169636243128387
0.035089087293851615
0.03119029981675699
0.02339272486256774
0.035089087293851615
0.038987874770946236
0.035089087293851615
0.04678544972513548
0.05848181215641936
0.03119029981675699
0.04288666224804086
0.027291512339662365
0.05068423720223011
0.05848181215641936
0.05068423720223011
0.08187453701898709
0.08187453701898709
0.09357089945027096
0.08967211197317634
0.05848181215641936
0.12476119926702796
0.08967211197317634
0.09357089945027096
0.07797574954189247
0.13645756169831183
0.11306483683574409
0.08577332449608172
0.11696362431283872
0.17544543646925806
0.12086241178993333
0.14425513665250106
0.09746968692736559
0.17154664899216343
0.16374907403797417
0.14425513665250106
0.15985028656087957
0.1793442239463527
0.15985028656087957
0.1793442239463527
0.1988381613318258
0.23782603610277203
0.1988381613318258
0.20273694880892043
0.19493937385473117
0.23782603610277203
0.2612187609653398
0.23782603610277203
0.3158017856446645
0.24952239853405592
0.37428359780108383
0.2807126983508129
0.2885102733050021
0.32359936059885375
0.3469920854614215
0.2924090607820968
0.36648602284689463
0.37038481032398923
0.47565207220554406
0.37428359780108383
0.3352957230301376
0.37428359780108383
0.40547389761784086
0.4210690475262194
0.487348434636828
0.4288666224804086
0.41327147257203006
0.37428359780108383
0.4639557097742602
0.5458302467932473
0.4405629849116925
0.5068423720223011
0.43666419743459783
0.4912472221139226
0.5185387344535849
0.6082108464267613
0.5302350968848688
0.6043120589496667
0.5536278217474365
0.569222971655815
0.631603571289329
0.5458302467932473
0.569222971655815
0.6394011462435183
0.6666926585831806
0.6004132714725721
0.6822878084915591
0.6783890210144644
0.8499356700066278
0.6900853834457483
0.7173768957854108
0.8226441576669655
0.787555070373114
0.8031502202814924
0.8928223322546688
0.8889235447775743
0.9552029318881827
0.974696869273656
0.9785956567507504
1.1657374556512925
1.107255643494873
1.13844594331163
1.2865998674412258
1.3060938048266988
1.5010331786814302
1.325587742212172
1.582907715700417
1.5205271160669032
1.6335919529026472
1.656984677765215
1.781745877032243
1.664782252719404
1.7739483020780538
1.7856446645093376
1.9844828258411633
1.9104058637763655
1.8597216265741356
1.8831143514367032
1.86362041405123
1.9610901009785957
1.945494951070217
1.781745877032243
1.929899801161839
1.7232640648758235
1.6920737650590667
1.7388592147842021
1.532223478498187
1.5439198409294708
1.458146516433389
1.2788022924870366
1.2788022924870366
1.1423447307887247
1.0604701937697376
1.0799641311552108
0.9668992943194666
0.9435065694568988
0.7953526453273032
0.7797574954189247
0.7212756832625054
0.5965144839954775
0.6277047838122344
0.49904479706811183
0.5965144839954775
0.5302350968848688
0.456158134820071
0.4483605598658817
0.3976763226636516
0.3391945105072322
0.30410542321338063
0.31970057312175915
0.24172482357986666
0.32749814807594835
0.2573199734882452
0.18714179890054192
0.21833209871729892
0.1676478615150688
0.19493937385473117
0.14035634917540646
0.08577332449608172
0.07407696206479784
0.08187453701898709
0.10136847440446022
0.10916604935864946
0.09746968692736559
0.05848181215641936
0.02339272486256774
0.027291512339662365
0.03119029981675699
0.02339272486256774
0.01169636243128387
