6380
0
0
0
0
1
1
1
2
0
1
0
0
2
3
1
3
3
3
4
6
1
2
1
2
5
2
6
6
7
6
9
5
3
4
3
10
7
8
7
12
8
9
7
8
9
10
12
13
10
11
12
22
12
14
10
12
15
17
32
18
28
22
17
18
27
16
23
19
31
23
20
25
30
30
41
20
22
22
28
41
24
39
34
29
38
42
27
32
27
36
41
33
35
36
46
51
51
41
47
46
47
45
40
64
64
67
57
64
46
73
70
74
82
80
99
89
102
93
112
98
102
107
113
97
124
115
118
111
126
133
125
124
139
107
111
98
103
101
94
73
77
75
58
78
78
61
43
48
51
38
39
45
29
30
22
26
22
20
25
20
9
16
15
15
20
9
17
9
6
4
3
7
4
8
2
1
3
1
3
0
