6475
0
0
0
0
0
0
1
0
1
1
1
1
3
2
2
2
4
2
2
2
1
5
3
4
2
1
6
6
4
6
2
9
5
4
3
6
9
7
9
10
4
12
2
10
14
4
14
12
12
8
11
9
9
9
13
22
15
11
20
14
24
19
21
23
27
22
30
25
26
22
21
26
29
30
36
34
25
23
34
25
30
31
24
37
33
32
39
36
38
36
40
36
41
34
50
37
55
49
60
44
53
55
48
52
46
53
57
63
75
63
65
74
83
75
91
76
116
93
122
108
117
99
115
122
157
122
122
126
118
131
109
111
133
107
113
127
95
100
89
80
71
69
69
66
57
62
48
57
51
37
44
25
45
36
51
27
25
21
18
20
19
27
13
14
12
7
9
5
3
5
8
5
10
8
7
3
0
3
1
1
